Learning rate, number of hidden neuron, number of epoch = correct answer
Start Mon Nov 21 23:04:35 ICT 2016
0.05  0  1000 = 143
0.05  0  2000 = 143
0.05  0  3000 = 143
0.05  0  4000 = 143
0.05  0  5000 = 143
0.05  0  6000 = 143
0.05  0  7000 = 143
0.05  0  8000 = 143
0.05  0  9000 = 143
0.05  0 10000 = 144
0.05  0 11000 = 144
0.05  0 12000 = 144
0.05  0 13000 = 144
0.05  0 14000 = 144
0.05  0 15000 = 144
0.10  0  1000 = 143
0.10  0  2000 = 143
0.10  0  3000 = 143
0.10  0  4000 = 143
0.10  0  5000 = 143
0.10  0  6000 = 144
0.10  0  7000 = 144
0.10  0  8000 = 144
0.10  0  9000 = 144
0.10  0 10000 = 144
0.10  0 11000 = 144
0.10  0 12000 = 144
0.10  0 13000 = 144
0.10  0 14000 = 144
0.10  0 15000 = 144
0.15  0  1000 = 143
0.15  0  2000 = 143
0.15  0  3000 = 143
0.15  0  4000 = 144
0.15  0  5000 = 144
0.15  0  6000 = 144
0.15  0  7000 = 144
0.15  0  8000 = 144
0.15  0  9000 = 144
0.15  0 10000 = 144
0.15  0 11000 = 144
0.15  0 12000 = 144
0.15  0 13000 = 144
0.15  0 14000 = 144
0.15  0 15000 = 144
0.20  0  1000 = 143
0.20  0  2000 = 143
0.20  0  3000 = 144
0.20  0  4000 = 144
0.20  0  5000 = 144
0.20  0  6000 = 144
0.20  0  7000 = 144
0.20  0  8000 = 144
0.20  0  9000 = 144
0.20  0 10000 = 144
0.20  0 11000 = 144
0.20  0 12000 = 144
0.20  0 13000 = 144
0.20  0 14000 = 144
0.20  0 15000 = 144
0.25  0  1000 = 143
0.25  0  2000 = 144
0.25  0  3000 = 144
0.25  0  4000 = 144
0.25  0  5000 = 144
0.25  0  6000 = 144
0.25  0  7000 = 144
0.25  0  8000 = 144
0.25  0  9000 = 144
0.25  0 10000 = 144
0.25  0 11000 = 144
0.25  0 12000 = 144
0.25  0 13000 = 144
0.25  0 14000 = 144
0.25  0 15000 = 144
0.30  0  1000 = 143
0.30  0  2000 = 144
0.30  0  3000 = 144
0.30  0  4000 = 144
0.30  0  5000 = 144
0.30  0  6000 = 144
0.30  0  7000 = 144
0.30  0  8000 = 144
0.30  0  9000 = 144
0.30  0 10000 = 144
0.30  0 11000 = 144
0.30  0 12000 = 144
0.30  0 13000 = 144
0.30  0 14000 = 144
0.30  0 15000 = 144
Finish Mon Nov 21 23:10:36 ICT 2016
Maksimum : 0.30  0 15000 = 144 dari 150
