Learning rate, number of hidden neuron, number of epoch = correct answer
Start Wed Nov 23 00:50:19 ICT 2016
0.05  5  5000 = 148
0.05  5  6000 = 163
0.05  5  7000 = 150
0.05  5  8000 = 154
0.05  5  9000 = 154
0.05  5 10000 = 157
0.05  5 11000 = 141
0.05  5 12000 = 142
0.05  5 13000 = 129
0.05  5 14000 = 155
0.05  5 15000 = 167
0.05  6  5000 = 152
0.05  6  6000 = 132
0.05  6  7000 = 146
0.05  6  8000 = 154
0.05  6  9000 = 155
0.05  6 10000 = 156
0.05  6 11000 = 177
0.05  6 12000 = 144
0.05  6 13000 = 162
0.05  6 14000 = 130
0.05  6 15000 = 139
0.05  7  5000 = 194
0.05  7  6000 = 163
0.05  7  7000 = 146
0.05  7  8000 = 144
0.05  7  9000 = 165
0.05  7 10000 = 156
0.05  7 11000 = 160
0.05  7 12000 = 134
0.05  7 13000 = 146
0.05  7 14000 = 169
0.05  7 15000 = 142
0.05  8  5000 = 170
0.05  8  6000 = 158
0.05  8  7000 = 173
0.05  8  8000 = 179
0.05  8  9000 = 145
0.05  8 10000 = 173
0.05  8 11000 = 159
0.05  8 12000 = 149
0.05  8 13000 = 137
0.05  8 14000 = 147
0.05  8 15000 = 160
0.05  9  5000 = 161
0.05  9  6000 = 172
0.05  9  7000 = 173
0.05  9  8000 = 174
0.05  9  9000 = 170
0.05  9 10000 = 184
0.05  9 11000 = 134
0.05  9 12000 = 155
0.05  9 13000 = 168
0.05  9 14000 = 169
0.05  9 15000 = 171
0.05 10  5000 = 154
0.05 10  6000 = 178
0.05 10  7000 = 172
0.05 10  8000 = 159
0.05 10  9000 = 167
0.05 10 10000 = 166
0.05 10 11000 = 161
0.05 10 12000 = 132
0.05 10 13000 = 148
0.05 10 14000 = 157
0.05 10 15000 = 143
0.05 11  5000 = 185
0.05 11  6000 = 159
0.05 11  7000 = 161
0.05 11  8000 = 164
0.05 11  9000 = 157
0.05 11 10000 = 174
0.05 11 11000 = 183
0.05 11 12000 = 146
0.05 11 13000 = 172
0.05 11 14000 = 159
0.05 11 15000 = 171
0.05 12  5000 = 190
0.05 12  6000 = 147
0.05 12  7000 = 154
0.05 12  8000 = 169
0.05 12  9000 = 165
0.05 12 10000 = 166
0.05 12 11000 = 191
0.05 12 12000 = 170
0.05 12 13000 = 173
0.05 12 14000 = 175
0.05 12 15000 = 186
0.05 13  5000 = 169
0.05 13  6000 = 183
0.05 13  7000 = 158
0.05 13  8000 = 178
0.05 13  9000 = 165
0.05 13 10000 = 173
0.05 13 11000 = 174
0.05 13 12000 = 157
0.05 13 13000 = 148
0.05 13 14000 = 154
0.05 13 15000 = 168
0.05 14  5000 = 168
0.05 14  6000 = 181
0.05 14  7000 = 190
0.05 14  8000 = 192
0.05 14  9000 = 171
0.05 14 10000 = 193
0.05 14 11000 = 178
0.05 14 12000 = 164
0.05 14 13000 = 175
0.05 14 14000 = 173
0.05 14 15000 = 165
0.05 15  5000 = 167
0.05 15  6000 = 189
0.05 15  7000 = 172
0.05 15  8000 = 157
0.05 15  9000 = 168
0.05 15 10000 = 184
0.05 15 11000 = 206
0.05 15 12000 = 175
0.05 15 13000 = 174
0.05 15 14000 = 173
0.05 15 15000 = 181
0.05 16  5000 = 154
0.05 16  6000 = 175
0.05 16  7000 = 172
0.05 16  8000 = 185
0.05 16  9000 = 191
0.05 16 10000 = 186
0.05 16 11000 = 157
0.05 16 12000 = 174
0.05 16 13000 = 176
0.05 16 14000 = 189
0.05 16 15000 = 166
0.05 17  5000 = 202
0.05 17  6000 = 173
0.05 17  7000 = 194
0.05 17  8000 = 191
0.05 17  9000 = 185
0.05 17 10000 = 183
0.05 17 11000 = 187
0.05 17 12000 = 173
0.05 17 13000 = 193
0.05 17 14000 = 177
0.05 17 15000 = 167
0.05 18  5000 = 168
0.05 18  6000 = 178
0.05 18  7000 = 186
0.05 18  8000 = 157
0.05 18  9000 = 165
0.05 18 10000 = 152
0.05 18 11000 = 188
0.05 18 12000 = 183
0.05 18 13000 = 174
0.05 18 14000 = 181
0.05 18 15000 = 186
0.05 19  5000 = 198
0.05 19  6000 = 201
0.05 19  7000 = 186
0.05 19  8000 = 176
0.05 19  9000 = 172
0.05 19 10000 = 184
0.05 19 11000 = 191
0.05 19 12000 = 185
0.05 19 13000 = 182
0.05 19 14000 = 184
0.05 19 15000 = 185
0.05 20  5000 = 183
0.05 20  6000 = 184
0.05 20  7000 = 199
0.05 20  8000 = 161
0.05 20  9000 = 195
0.05 20 10000 = 200
0.05 20 11000 = 184
0.05 20 12000 = 179
0.05 20 13000 = 201
0.05 20 14000 = 190
0.05 20 15000 = 196
0.05 21  5000 = 186
0.05 21  6000 = 168
0.05 21  7000 = 189
0.05 21  8000 = 171
0.05 21  9000 = 194
0.05 21 10000 = 167
0.05 21 11000 = 183
0.05 21 12000 = 178
0.05 21 13000 = 189
0.05 21 14000 = 182
0.05 21 15000 = 183
0.05 22  5000 = 185
0.05 22  6000 = 191
0.05 22  7000 = 214
0.05 22  8000 = 167
0.05 22  9000 = 174
0.05 22 10000 = 191
0.05 22 11000 = 196
0.05 22 12000 = 180
0.05 22 13000 = 185
0.05 22 14000 = 188
0.05 22 15000 = 179
0.05 23  5000 = 203
0.05 23  6000 = 213
0.05 23  7000 = 181
0.05 23  8000 = 196
0.05 23  9000 = 189
0.05 23 10000 = 195
0.05 23 11000 = 195
0.05 23 12000 = 178
0.05 23 13000 = 184
0.05 23 14000 = 170
0.05 23 15000 = 174
0.05 24  5000 = 186
0.05 24  6000 = 187
0.05 24  7000 = 201
0.05 24  8000 = 207
0.05 24  9000 = 183
0.05 24 10000 = 173
0.05 24 11000 = 233
0.05 24 12000 = 208
0.05 24 13000 = 193
0.05 24 14000 = 185
0.05 24 15000 = 202
0.05 25  5000 = 185
0.05 25  6000 = 203
0.05 25  7000 = 209
0.05 25  8000 = 205
0.05 25  9000 = 191
0.05 25 10000 = 165
0.05 25 11000 = 189
0.05 25 12000 = 204
0.05 25 13000 = 193
0.05 25 14000 = 205
0.05 25 15000 = 171
0.10  5  5000 = 131
0.10  5  6000 = 150
0.10  5  7000 = 146
0.10  5  8000 = 136
0.10  5  9000 = 128
0.10  5 10000 = 153
0.10  5 11000 = 144
0.10  5 12000 = 156
0.10  5 13000 = 142
0.10  5 14000 = 148
0.10  5 15000 = 146
0.10  6  5000 = 155
0.10  6  6000 = 132
0.10  6  7000 = 132
0.10  6  8000 = 177
0.10  6  9000 = 130
0.10  6 10000 = 156
0.10  6 11000 = 143
0.10  6 12000 = 161
0.10  6 13000 = 121
0.10  6 14000 = 133
0.10  6 15000 = 141
0.10  7  5000 = 125
0.10  7  6000 = 155
0.10  7  7000 = 127
0.10  7  8000 = 165
0.10  7  9000 = 163
0.10  7 10000 = 140
0.10  7 11000 = 168
0.10  7 12000 = 158
0.10  7 13000 = 149
0.10  7 14000 = 146
0.10  7 15000 = 134
0.10  8  5000 = 161
0.10  8  6000 = 168
0.10  8  7000 = 177
0.10  8  8000 = 156
0.10  8  9000 = 151
0.10  8 10000 = 163
0.10  8 11000 = 142
0.10  8 12000 = 138
0.10  8 13000 = 152
0.10  8 14000 = 143
0.10  8 15000 = 159
0.10  9  5000 = 155
0.10  9  6000 = 167
0.10  9  7000 = 177
0.10  9  8000 = 155
0.10  9  9000 = 159
0.10  9 10000 = 178
0.10  9 11000 = 149
0.10  9 12000 = 163
0.10  9 13000 = 153
0.10  9 14000 = 160
0.10  9 15000 = 164
0.10 10  5000 = 153
0.10 10  6000 = 154
0.10 10  7000 = 167
0.10 10  8000 = 161
0.10 10  9000 = 160
0.10 10 10000 = 171
0.10 10 11000 = 176
0.10 10 12000 = 148
0.10 10 13000 = 164
0.10 10 14000 = 153
0.10 10 15000 = 136
0.10 11  5000 = 159
0.10 11  6000 = 168
0.10 11  7000 = 170
0.10 11  8000 = 177
0.10 11  9000 = 155
0.10 11 10000 = 133
0.10 11 11000 = 170
0.10 11 12000 = 158
0.10 11 13000 = 158
0.10 11 14000 = 136
0.10 11 15000 = 147
0.10 12  5000 = 167
0.10 12  6000 = 175
0.10 12  7000 = 151
0.10 12  8000 = 169
0.10 12  9000 = 173
0.10 12 10000 = 157
0.10 12 11000 = 185
0.10 12 12000 = 149
0.10 12 13000 = 161
0.10 12 14000 = 161
0.10 12 15000 = 175
0.10 13  5000 = 174
0.10 13  6000 = 168
0.10 13  7000 = 151
0.10 13  8000 = 143
0.10 13  9000 = 161
0.10 13 10000 = 157
0.10 13 11000 = 155
0.10 13 12000 = 192
0.10 13 13000 = 171
0.10 13 14000 = 142
0.10 13 15000 = 165
0.10 14  5000 = 187
0.10 14  6000 = 195
0.10 14  7000 = 177
0.10 14  8000 = 151
0.10 14  9000 = 184
0.10 14 10000 = 200
0.10 14 11000 = 162
0.10 14 12000 = 161
0.10 14 13000 = 166
0.10 14 14000 = 166
0.10 14 15000 = 188
0.10 15  5000 = 168
0.10 15  6000 = 170
0.10 15  7000 = 170
0.10 15  8000 = 184
0.10 15  9000 = 194
0.10 15 10000 = 184
0.10 15 11000 = 172
0.10 15 12000 = 176
0.10 15 13000 = 171
0.10 15 14000 = 164
0.10 15 15000 = 163
0.10 16  5000 = 169
0.10 16  6000 = 161
0.10 16  7000 = 176
0.10 16  8000 = 155
0.10 16  9000 = 171
0.10 16 10000 = 154
0.10 16 11000 = 155
0.10 16 12000 = 176
0.10 16 13000 = 177
0.10 16 14000 = 195
0.10 16 15000 = 164
0.10 17  5000 = 162
0.10 17  6000 = 176
0.10 17  7000 = 174
0.10 17  8000 = 199
0.10 17  9000 = 168
0.10 17 10000 = 168
0.10 17 11000 = 175
0.10 17 12000 = 181
0.10 17 13000 = 176
0.10 17 14000 = 185
0.10 17 15000 = 163
0.10 18  5000 = 173
0.10 18  6000 = 161
0.10 18  7000 = 192
0.10 18  8000 = 174
0.10 18  9000 = 172
0.10 18 10000 = 195
0.10 18 11000 = 159
0.10 18 12000 = 180
0.10 18 13000 = 188
0.10 18 14000 = 197
0.10 18 15000 = 164
0.10 19  5000 = 162
0.10 19  6000 = 186
0.10 19  7000 = 182
0.10 19  8000 = 169
0.10 19  9000 = 183
0.10 19 10000 = 159
0.10 19 11000 = 177
0.10 19 12000 = 176
0.10 19 13000 = 181
0.10 19 14000 = 160
0.10 19 15000 = 181
0.10 20  5000 = 192
0.10 20  6000 = 182
0.10 20  7000 = 188
0.10 20  8000 = 184
0.10 20  9000 = 181
0.10 20 10000 = 178
0.10 20 11000 = 198
0.10 20 12000 = 177
0.10 20 13000 = 182
0.10 20 14000 = 174
0.10 20 15000 = 167
0.10 21  5000 = 171
0.10 21  6000 = 191
0.10 21  7000 = 175
0.10 21  8000 = 176
0.10 21  9000 = 184
0.10 21 10000 = 172
0.10 21 11000 = 185
0.10 21 12000 = 169
0.10 21 13000 = 201
0.10 21 14000 = 198
0.10 21 15000 = 150
0.10 22  5000 = 171
0.10 22  6000 = 179
0.10 22  7000 = 169
0.10 22  8000 = 185
0.10 22  9000 = 198
0.10 22 10000 = 171
0.10 22 11000 = 177
0.10 22 12000 = 190
0.10 22 13000 = 182
0.10 22 14000 = 193
0.10 22 15000 = 186
0.10 23  5000 = 197
0.10 23  6000 = 166
0.10 23  7000 = 179
0.10 23  8000 = 175
0.10 23  9000 = 173
0.10 23 10000 = 189
0.10 23 11000 = 211
0.10 23 12000 = 184
0.10 23 13000 = 198
0.10 23 14000 = 180
0.10 23 15000 = 189
0.10 24  5000 = 197
0.10 24  6000 = 194
0.10 24  7000 = 187
0.10 24  8000 = 198
0.10 24  9000 = 163
0.10 24 10000 = 185
0.10 24 11000 = 183
0.10 24 12000 = 201
0.10 24 13000 = 177
0.10 24 14000 = 174
0.10 24 15000 = 200
0.10 25  5000 = 197
0.10 25  6000 = 181
0.10 25  7000 = 195
0.10 25  8000 = 202
0.10 25  9000 = 203
0.10 25 10000 = 188
0.10 25 11000 = 181
0.10 25 12000 = 204
0.10 25 13000 = 173
0.10 25 14000 = 200
0.10 25 15000 = 200
Finish Wed Nov 23 03:56:37 ICT 2016
Maksimum : 0.05 24 11000 = 233 dari 395
