Learning rate, number of hidden neuron, number of epoch = correct answer
Start Wed Nov 23 02:56:30 ICT 2016
0.20  5  5000 = 262
0.20  5  6000 = 261
0.20  5  7000 = 265
0.20  5  8000 = 263
0.20  5  9000 = 287
0.20  5 10000 = 276
0.20  5 11000 = 277
0.20  5 12000 = 273
0.20  5 13000 = 276
0.20  5 14000 = 274
0.20  5 15000 = 271
0.20  6  5000 = 216
0.20  6  6000 = 262
0.20  6  7000 = 282
0.20  6  8000 = 274
0.20  6  9000 = 272
0.20  6 10000 = 274
0.20  6 11000 = 257
0.20  6 12000 = 275
0.20  6 13000 = 254
0.20  6 14000 = 286
0.20  6 15000 = 251
0.20  7  5000 = 290
0.20  7  6000 = 272
0.20  7  7000 = 263
0.20  7  8000 = 272
0.20  7  9000 = 279
0.20  7 10000 = 279
0.20  7 11000 = 273
0.20  7 12000 = 283
0.20  7 13000 = 247
0.20  7 14000 = 199
0.20  7 15000 = 235
0.20  8  5000 = 275
0.20  8  6000 = 254
0.20  8  7000 = 268
0.20  8  8000 = 279
0.20  8  9000 = 274
0.20  8 10000 = 265
0.20  8 11000 = 283
0.20  8 12000 = 283
0.20  8 13000 = 226
0.20  8 14000 = 263
0.20  8 15000 = 279
0.20  9  5000 = 278
0.20  9  6000 = 293
0.20  9  7000 = 271
0.20  9  8000 = 246
0.20  9  9000 = 277
0.20  9 10000 = 288
0.20  9 11000 = 183
0.20  9 12000 = 250
0.20  9 13000 = 277
0.20  9 14000 = 275
0.20  9 15000 = 255
0.20 10  5000 = 266
0.20 10  6000 = 228
0.20 10  7000 = 268
0.20 10  8000 = 280
0.20 10  9000 = 259
0.20 10 10000 = 287
0.20 10 11000 = 277
0.20 10 12000 = 214
0.20 10 13000 = 282
0.20 10 14000 = 267
0.20 10 15000 = 274
0.20 11  5000 = 259
0.20 11  6000 = 283
0.20 11  7000 = 278
0.20 11  8000 = 264
0.20 11  9000 = 280
0.20 11 10000 = 261
0.20 11 11000 = 279
0.20 11 12000 = 280
0.20 11 13000 = 278
0.20 11 14000 = 283
0.20 11 15000 = 264
0.20 12  5000 = 282
0.20 12  6000 = 264
0.20 12  7000 = 293
0.20 12  8000 = 290
0.20 12  9000 = 264
0.20 12 10000 = 253
0.20 12 11000 = 286
0.20 12 12000 = 289
0.20 12 13000 = 280
0.20 12 14000 = 290
0.20 12 15000 = 286
0.20 13  5000 = 280
0.20 13  6000 = 252
0.20 13  7000 = 298
0.20 13  8000 = 289
0.20 13  9000 = 303
0.20 13 10000 = 268
0.20 13 11000 = 270
0.20 13 12000 = 191
0.20 13 13000 = 289
0.20 13 14000 = 293
0.20 13 15000 = 283
0.20 14  5000 = 289
0.20 14  6000 = 230
0.20 14  7000 = 272
0.20 14  8000 = 264
0.20 14  9000 = 281
0.20 14 10000 = 289
0.20 14 11000 = 287
0.20 14 12000 = 296
0.20 14 13000 = 255
0.20 14 14000 = 264
0.20 14 15000 = 277
0.20 15  5000 = 281
0.20 15  6000 = 267
0.20 15  7000 = 276
0.20 15  8000 = 278
0.20 15  9000 = 262
0.20 15 10000 = 277
0.20 15 11000 = 288
0.20 15 12000 = 256
0.20 15 13000 = 256
0.20 15 14000 = 294
0.20 15 15000 = 273
0.20 16  5000 = 290
0.20 16  6000 = 290
0.20 16  7000 = 283
0.20 16  8000 = 272
0.20 16  9000 = 271
0.20 16 10000 = 281
0.20 16 11000 = 262
0.20 16 12000 = 284
0.20 16 13000 = 272
0.20 16 14000 = 275
0.20 16 15000 = 290
0.20 17  5000 = 300
0.20 17  6000 = 290
0.20 17  7000 = 290
0.20 17  8000 = 285
0.20 17  9000 = 288
0.20 17 10000 = 261
0.20 17 11000 = 293
0.20 17 12000 = 286
0.20 17 13000 = 293
0.20 17 14000 = 284
0.20 17 15000 = 244
0.20 18  5000 = 285
0.20 18  6000 = 272
0.20 18  7000 = 266
0.20 18  8000 = 264
0.20 18  9000 = 259
0.20 18 10000 = 300
0.20 18 11000 = 282
0.20 18 12000 = 292
0.20 18 13000 = 290
0.20 18 14000 = 259
0.20 18 15000 = 301
0.20 19  5000 = 296
0.20 19  6000 = 288
0.20 19  7000 = 276
0.20 19  8000 = 288
0.20 19  9000 = 302
0.20 19 10000 = 292
0.20 19 11000 = 296
0.20 19 12000 = 280
0.20 19 13000 = 287
0.20 19 14000 = 288
0.20 19 15000 = 277
0.20 20  5000 = 274
0.20 20  6000 = 301
0.20 20  7000 = 267
0.20 20  8000 = 294
0.20 20  9000 = 292
0.20 20 10000 = 270
0.20 20 11000 = 286
0.20 20 12000 = 283
0.20 20 13000 = 266
0.20 20 14000 = 294
0.20 20 15000 = 290
0.20 21  5000 = 266
0.20 21  6000 = 291
0.20 21  7000 = 301
0.20 21  8000 = 263
0.20 21  9000 = 285
0.20 21 10000 = 296
0.20 21 11000 = 298
0.20 21 12000 = 287
0.20 21 13000 = 272
0.20 21 14000 = 282
0.20 21 15000 = 276
0.20 22  5000 = 286
0.20 22  6000 = 299
0.20 22  7000 = 272
0.20 22  8000 = 298
0.20 22  9000 = 283
0.20 22 10000 = 301
0.20 22 11000 = 283
0.20 22 12000 = 275
0.20 22 13000 = 293
0.20 22 14000 = 275
0.20 22 15000 = 299
0.20 23  5000 = 294
0.20 23  6000 = 295
0.20 23  7000 = 291
0.20 23  8000 = 312
0.20 23  9000 = 294
0.20 23 10000 = 308
0.20 23 11000 = 284
0.20 23 12000 = 266
0.20 23 13000 = 307
0.20 23 14000 = 270
0.20 23 15000 = 271
0.20 24  5000 = 277
0.20 24  6000 = 273
0.20 24  7000 = 289
0.20 24  8000 = 287
0.20 24  9000 = 284
0.20 24 10000 = 287
0.20 24 11000 = 284
0.20 24 12000 = 267
0.20 24 13000 = 310
0.20 24 14000 = 282
0.20 24 15000 = 274
0.20 25  5000 = 293
0.20 25  6000 = 304
0.20 25  7000 = 291
0.20 25  8000 = 286
0.20 25  9000 = 307
0.20 25 10000 = 281
0.20 25 11000 = 286
0.20 25 12000 = 267
0.20 25 13000 = 290
0.20 25 14000 = 291
0.20 25 15000 = 292
0.25  5  5000 = 277
0.25  5  6000 = 283
0.25  5  7000 = 279
0.25  5  8000 = 278
0.25  5  9000 = 273
0.25  5 10000 = 279
0.25  5 11000 = 255
0.25  5 12000 = 164
0.25  5 13000 = 264
0.25  5 14000 = 269
0.25  5 15000 = 250
0.25  6  5000 = 271
0.25  6  6000 = 274
0.25  6  7000 = 207
0.25  6  8000 = 276
0.25  6  9000 = 237
0.25  6 10000 = 229
0.25  6 11000 = 284
0.25  6 12000 = 256
0.25  6 13000 = 274
0.25  6 14000 = 274
0.25  6 15000 = 240
0.25  7  5000 = 262
0.25  7  6000 = 217
0.25  7  7000 = 195
0.25  7  8000 = 277
0.25  7  9000 = 275
0.25  7 10000 = 256
0.25  7 11000 = 270
0.25  7 12000 = 269
0.25  7 13000 = 261
0.25  7 14000 = 255
0.25  7 15000 = 254
0.25  8  5000 = 263
0.25  8  6000 = 253
0.25  8  7000 = 273
0.25  8  8000 = 259
0.25  8  9000 = 269
0.25  8 10000 = 278
0.25  8 11000 = 286
0.25  8 12000 = 279
0.25  8 13000 = 254
0.25  8 14000 = 275
0.25  8 15000 = 264
0.25  9  5000 = 274
0.25  9  6000 = 276
0.25  9  7000 = 270
0.25  9  8000 = 256
0.25  9  9000 = 245
0.25  9 10000 = 273
0.25  9 11000 = 282
0.25  9 12000 = 269
0.25  9 13000 = 285
0.25  9 14000 = 287
0.25  9 15000 = 251
0.25 10  5000 = 255
0.25 10  6000 = 274
0.25 10  7000 = 285
0.25 10  8000 = 265
0.25 10  9000 = 269
0.25 10 10000 = 240
0.25 10 11000 = 279
0.25 10 12000 = 287
0.25 10 13000 = 225
0.25 10 14000 = 284
0.25 10 15000 = 271
0.25 11  5000 = 283
0.25 11  6000 = 276
0.25 11  7000 = 284
0.25 11  8000 = 289
0.25 11  9000 = 262
0.25 11 10000 = 281
0.25 11 11000 = 288
0.25 11 12000 = 222
0.25 11 13000 = 273
0.25 11 14000 = 287
0.25 11 15000 = 286
0.25 12  5000 = 278
0.25 12  6000 = 281
0.25 12  7000 = 268
0.25 12  8000 = 276
0.25 12  9000 = 274
0.25 12 10000 = 283
0.25 12 11000 = 285
0.25 12 12000 = 292
0.25 12 13000 = 282
0.25 12 14000 = 286
0.25 12 15000 = 290
0.25 13  5000 = 260
0.25 13  6000 = 231
0.25 13  7000 = 274
0.25 13  8000 = 256
0.25 13  9000 = 258
0.25 13 10000 = 274
0.25 13 11000 = 270
0.25 13 12000 = 255
0.25 13 13000 = 287
0.25 13 14000 = 267
0.25 13 15000 = 275
0.25 14  5000 = 279
0.25 14  6000 = 280
0.25 14  7000 = 309
0.25 14  8000 = 287
0.25 14  9000 = 280
0.25 14 10000 = 221
0.25 14 11000 = 283
0.25 14 12000 = 285
0.25 14 13000 = 291
0.25 14 14000 = 230
0.25 14 15000 = 266
0.25 15  5000 = 294
0.25 15  6000 = 281
0.25 15  7000 = 285
0.25 15  8000 = 283
0.25 15  9000 = 291
0.25 15 10000 = 289
0.25 15 11000 = 295
0.25 15 12000 = 293
0.25 15 13000 = 281
0.25 15 14000 = 304
0.25 15 15000 = 293
0.25 16  5000 = 267
0.25 16  6000 = 207
0.25 16  7000 = 267
0.25 16  8000 = 301
0.25 16  9000 = 286
0.25 16 10000 = 308
0.25 16 11000 = 274
0.25 16 12000 = 245
0.25 16 13000 = 295
0.25 16 14000 = 280
0.25 16 15000 = 293
0.25 17  5000 = 289
0.25 17  6000 = 249
0.25 17  7000 = 244
0.25 17  8000 = 285
0.25 17  9000 = 283
0.25 17 10000 = 288
0.25 17 11000 = 278
0.25 17 12000 = 299
0.25 17 13000 = 308
0.25 17 14000 = 283
0.25 17 15000 = 268
0.25 18  5000 = 268
0.25 18  6000 = 299
0.25 18  7000 = 289
0.25 18  8000 = 257
0.25 18  9000 = 251
0.25 18 10000 = 272
0.25 18 11000 = 269
0.25 18 12000 = 302
0.25 18 13000 = 295
0.25 18 14000 = 284
0.25 18 15000 = 292
0.25 19  5000 = 297
0.25 19  6000 = 279
0.25 19  7000 = 205
0.25 19  8000 = 286
0.25 19  9000 = 292
0.25 19 10000 = 266
0.25 19 11000 = 317
0.25 19 12000 = 267
0.25 19 13000 = 286
0.25 19 14000 = 283
0.25 19 15000 = 303
0.25 20  5000 = 248
0.25 20  6000 = 292
0.25 20  7000 = 304
0.25 20  8000 = 272
0.25 20  9000 = 268
0.25 20 10000 = 266
0.25 20 11000 = 295
0.25 20 12000 = 289
0.25 20 13000 = 284
0.25 20 14000 = 299
0.25 20 15000 = 300
0.25 21  5000 = 298
0.25 21  6000 = 281
0.25 21  7000 = 300
0.25 21  8000 = 268
0.25 21  9000 = 305
0.25 21 10000 = 288
0.25 21 11000 = 287
0.25 21 12000 = 285
0.25 21 13000 = 299
0.25 21 14000 = 288
0.25 21 15000 = 291
0.25 22  5000 = 292
0.25 22  6000 = 303
0.25 22  7000 = 254
0.25 22  8000 = 307
0.25 22  9000 = 292
0.25 22 10000 = 247
0.25 22 11000 = 295
0.25 22 12000 = 291
0.25 22 13000 = 270
0.25 22 14000 = 278
0.25 22 15000 = 287
0.25 23  5000 = 300
0.25 23  6000 = 274
0.25 23  7000 = 299
0.25 23  8000 = 299
0.25 23  9000 = 308
0.25 23 10000 = 306
0.25 23 11000 = 290
0.25 23 12000 = 267
0.25 23 13000 = 308
0.25 23 14000 = 283
0.25 23 15000 = 298
0.25 24  5000 = 290
0.25 24  6000 = 282
0.25 24  7000 = 275
0.25 24  8000 = 301
0.25 24  9000 = 254
0.25 24 10000 = 306
0.25 24 11000 = 273
0.25 24 12000 = 279
0.25 24 13000 = 282
0.25 24 14000 = 282
0.25 24 15000 = 292
0.25 25  5000 = 294
0.25 25  6000 = 299
0.25 25  7000 = 293
0.25 25  8000 = 293
0.25 25  9000 = 304
0.25 25 10000 = 296
0.25 25 11000 = 289
0.25 25 12000 = 293
0.25 25 13000 = 268
0.25 25 14000 = 303
0.25 25 15000 = 260
0.30  5  5000 = 194
0.30  5  6000 = 281
0.30  5  7000 = 266
0.30  5  8000 = 209
0.30  5  9000 = 283
0.30  5 10000 = 276
0.30  5 11000 = 288
0.30  5 12000 = 255
0.30  5 13000 = 277
0.30  5 14000 = 276
0.30  5 15000 = 242
0.30  6  5000 = 281
0.30  6  6000 = 223
0.30  6  7000 = 256
0.30  6  8000 = 255
0.30  6  9000 = 272
0.30  6 10000 = 271
0.30  6 11000 = 276
0.30  6 12000 = 205
0.30  6 13000 = 267
0.30  6 14000 = 258
0.30  6 15000 = 273
0.30  7  5000 = 279
0.30  7  6000 = 282
0.30  7  7000 = 261
0.30  7  8000 = 267
0.30  7  9000 = 264
0.30  7 10000 = 255
0.30  7 11000 = 273
0.30  7 12000 = 274
0.30  7 13000 = 273
0.30  7 14000 = 255
0.30  7 15000 = 232
0.30  8  5000 = 274
0.30  8  6000 = 225
0.30  8  7000 = 262
0.30  8  8000 = 283
0.30  8  9000 = 275
0.30  8 10000 = 262
0.30  8 11000 = 278
0.30  8 12000 = 230
0.30  8 13000 = 259
0.30  8 14000 = 283
0.30  8 15000 = 265
0.30  9  5000 = 247
0.30  9  6000 = 243
0.30  9  7000 = 264
0.30  9  8000 = 242
0.30  9  9000 = 292
0.30  9 10000 = 285
0.30  9 11000 = 275
0.30  9 12000 = 251
0.30  9 13000 = 281
0.30  9 14000 = 281
0.30  9 15000 = 225
0.30 10  5000 = 288
0.30 10  6000 = 270
0.30 10  7000 = 189
0.30 10  8000 = 282
0.30 10  9000 = 269
0.30 10 10000 = 272
0.30 10 11000 = 282
0.30 10 12000 = 256
0.30 10 13000 = 285
0.30 10 14000 = 219
0.30 10 15000 = 291
0.30 11  5000 = 209
0.30 11  6000 = 292
0.30 11  7000 = 270
0.30 11  8000 = 284
0.30 11  9000 = 251
0.30 11 10000 = 260
0.30 11 11000 = 275
0.30 11 12000 = 172
0.30 11 13000 = 211
0.30 11 14000 = 276
0.30 11 15000 = 283
0.30 12  5000 = 281
0.30 12  6000 = 277
0.30 12  7000 = 289
0.30 12  8000 = 289
0.30 12  9000 = 213
0.30 12 10000 = 263
0.30 12 11000 = 279
0.30 12 12000 = 267
0.30 12 13000 = 288
0.30 12 14000 = 259
0.30 12 15000 = 297
0.30 13  5000 = 270
0.30 13  6000 = 285
0.30 13  7000 = 277
0.30 13  8000 = 276
0.30 13  9000 = 224
0.30 13 10000 = 254
0.30 13 11000 = 215
0.30 13 12000 = 294
0.30 13 13000 = 284
0.30 13 14000 = 290
0.30 13 15000 = 299
0.30 14  5000 = 291
0.30 14  6000 = 276
0.30 14  7000 = 274
0.30 14  8000 = 302
0.30 14  9000 = 279
0.30 14 10000 = 197
0.30 14 11000 = 276
0.30 14 12000 = 291
0.30 14 13000 = 291
0.30 14 14000 = 293
0.30 14 15000 = 294
0.30 15  5000 = 282
0.30 15  6000 = 277
0.30 15  7000 = 305
0.30 15  8000 = 233
0.30 15  9000 = 281
0.30 15 10000 = 287
0.30 15 11000 = 292
0.30 15 12000 = 291
0.30 15 13000 = 299
0.30 15 14000 = 269
0.30 15 15000 = 268
0.30 16  5000 = 297
0.30 16  6000 = 302
0.30 16  7000 = 295
0.30 16  8000 = 289
0.30 16  9000 = 295
0.30 16 10000 = 274
0.30 16 11000 = 282
0.30 16 12000 = 298
0.30 16 13000 = 275
0.30 16 14000 = 258
0.30 16 15000 = 248
0.30 17  5000 = 285
0.30 17  6000 = 274
0.30 17  7000 = 295
0.30 17  8000 = 209
0.30 17  9000 = 272
0.30 17 10000 = 292
0.30 17 11000 = 289
0.30 17 12000 = 258
0.30 17 13000 = 289
0.30 17 14000 = 311
0.30 17 15000 = 293
0.30 18  5000 = 280
0.30 18  6000 = 278
0.30 18  7000 = 286
0.30 18  8000 = 295
0.30 18  9000 = 283
0.30 18 10000 = 277
0.30 18 11000 = 226
0.30 18 12000 = 298
0.30 18 13000 = 305
0.30 18 14000 = 265
0.30 18 15000 = 272
0.30 19  5000 = 259
0.30 19  6000 = 287
0.30 19  7000 = 286
0.30 19  8000 = 284
0.30 19  9000 = 290
0.30 19 10000 = 293
0.30 19 11000 = 288
0.30 19 12000 = 239
0.30 19 13000 = 294
0.30 19 14000 = 254
0.30 19 15000 = 281
0.30 20  5000 = 279
0.30 20  6000 = 290
0.30 20  7000 = 305
0.30 20  8000 = 297
0.30 20  9000 = 300
0.30 20 10000 = 268
0.30 20 11000 = 266
0.30 20 12000 = 270
0.30 20 13000 = 268
0.30 20 14000 = 282
0.30 20 15000 = 305
0.30 21  5000 = 311
0.30 21  6000 = 277
0.30 21  7000 = 298
0.30 21  8000 = 260
0.30 21  9000 = 282
0.30 21 10000 = 297
0.30 21 11000 = 286
0.30 21 12000 = 309
0.30 21 13000 = 280
0.30 21 14000 = 300
0.30 21 15000 = 295
0.30 22  5000 = 293
0.30 22  6000 = 273
0.30 22  7000 = 290
0.30 22  8000 = 233
0.30 22  9000 = 305
0.30 22 10000 = 278
0.30 22 11000 = 287
0.30 22 12000 = 298
0.30 22 13000 = 296
0.30 22 14000 = 314
0.30 22 15000 = 284
0.30 23  5000 = 281
0.30 23  6000 = 300
0.30 23  7000 = 314
0.30 23  8000 = 295
0.30 23  9000 = 274
0.30 23 10000 = 296
0.30 23 11000 = 289
0.30 23 12000 = 276
0.30 23 13000 = 279
0.30 23 14000 = 300
0.30 23 15000 = 282
0.30 24  5000 = 264
0.30 24  6000 = 262
0.30 24  7000 = 303
0.30 24  8000 = 296
0.30 24  9000 = 298
0.30 24 10000 = 296
0.30 24 11000 = 298
0.30 24 12000 = 293
0.30 24 13000 = 307
0.30 24 14000 = 302
0.30 24 15000 = 278
0.30 25  5000 = 315
0.30 25  6000 = 276
0.30 25  7000 = 298
0.30 25  8000 = 303
0.30 25  9000 = 308
0.30 25 10000 = 269
0.30 25 11000 = 297
0.30 25 12000 = 302
0.30 25 13000 = 277
0.30 25 14000 = 307
0.30 25 15000 = 294
Finish Wed Nov 23 06:06:17 ICT 2016
Maksimum : 0.25 19 11000 = 317 dari 395
