Learning rate, number of hidden neuron, number of epoch = correct answer
Start Mon Nov 21 20:56:34 ICT 2016
0.05  1  1000 =  50
0.05  2  1000 =  50
0.05  3  1000 =  98
0.05  4  1000 = 148
0.05  5  1000 = 146
0.05  6  1000 = 147
0.05  7  1000 = 147
0.05  8  1000 = 147
0.05  9  1000 = 146
0.05 10  1000 = 147
0.05 11  1000 = 147
0.05 12  1000 = 147
0.05 13  1000 = 147
0.05 14  1000 = 147
0.05 15  1000 = 147
0.05 16  1000 = 147
0.05 17  1000 = 147
0.05 18  1000 = 147
0.05 19  1000 = 147
0.05 20  1000 = 147
0.05 21  1000 = 147
0.05 22  1000 = 147
0.05 23  1000 = 147
0.05 24  1000 = 147
0.05 25  1000 = 147
0.05 26  1000 = 147
0.05 27  1000 = 147
0.05 28  1000 = 147
0.05 29  1000 = 147
0.05 30  1000 = 147
0.05  1  2000 =  71
0.05  2  2000 =  50
0.05  3  2000 = 140
0.05  4  2000 =  98
0.05  5  2000 = 100
0.05  6  2000 = 147
0.05  7  2000 = 148
0.05  8  2000 = 148
0.05  9  2000 = 147
0.05 10  2000 = 147
0.05 11  2000 = 148
0.05 12  2000 = 148
0.05 13  2000 = 148
0.05 14  2000 = 148
0.05 15  2000 = 148
0.05 16  2000 = 147
0.05 17  2000 = 147
0.05 18  2000 = 148
0.05 19  2000 = 147
0.05 20  2000 = 148
0.05 21  2000 = 148
0.05 22  2000 = 148
0.05 23  2000 = 148
0.05 24  2000 = 148
0.05 25  2000 = 148
0.05 26  2000 = 147
0.05 27  2000 = 147
0.05 28  2000 = 148
0.05 29  2000 = 148
0.05 30  2000 = 148
0.05  1  3000 =  50
0.05  2  3000 =  50
0.05  3  3000 = 100
0.05  4  3000 = 100
0.05  5  3000 = 148
0.05  6  3000 = 100
0.05  7  3000 = 148
0.05  8  3000 = 148
0.05  9  3000 = 148
0.05 10  3000 = 148
0.05 11  3000 = 148
0.05 12  3000 = 148
0.05 13  3000 = 148
0.05 14  3000 = 148
0.05 15  3000 = 148
0.05 16  3000 = 148
0.05 17  3000 = 148
0.05 18  3000 = 148
0.05 19  3000 = 148
0.05 20  3000 = 148
0.05 21  3000 = 148
0.05 22  3000 = 148
0.05 23  3000 = 148
0.05 24  3000 = 148
0.05 25  3000 = 148
0.05 26  3000 = 148
0.05 27  3000 = 148
0.05 28  3000 = 148
0.05 29  3000 = 148
0.05 30  3000 = 148
0.05  1  4000 =  50
0.05  2  4000 =  50
0.05  3  4000 = 147
0.05  4  4000 = 148
0.05  5  4000 = 138
0.05  6  4000 = 145
0.05  7  4000 = 148
0.05  8  4000 = 148
0.05  9  4000 = 148
0.05 10  4000 = 148
0.05 11  4000 = 148
0.05 12  4000 = 148
0.05 13  4000 = 148
0.05 14  4000 = 148
0.05 15  4000 = 148
0.05 16  4000 = 148
0.05 17  4000 = 148
0.05 18  4000 = 148
0.05 19  4000 = 148
0.05 20  4000 = 148
0.05 21  4000 = 148
0.05 22  4000 = 148
0.05 23  4000 = 148
0.05 24  4000 = 148
0.05 25  4000 = 148
0.05 26  4000 = 148
0.05 27  4000 = 148
0.05 28  4000 = 148
0.05 29  4000 = 148
0.05 30  4000 = 148
0.05  1  5000 =  50
0.05  2  5000 =  50
0.05  3  5000 = 100
0.05  4  5000 = 147
0.05  5  5000 = 147
0.05  6  5000 = 148
0.05  7  5000 = 148
0.05  8  5000 = 148
0.05  9  5000 = 148
0.05 10  5000 = 148
0.05 11  5000 = 148
0.05 12  5000 = 148
0.05 13  5000 = 148
0.05 14  5000 = 148
0.05 15  5000 = 148
0.05 16  5000 = 148
0.05 17  5000 = 148
0.05 18  5000 = 148
0.05 19  5000 = 148
0.05 20  5000 = 148
0.05 21  5000 = 148
0.05 22  5000 = 148
0.05 23  5000 = 148
0.05 24  5000 = 148
0.05 25  5000 = 148
0.05 26  5000 = 148
0.05 27  5000 = 148
0.05 28  5000 = 148
0.05 29  5000 = 148
0.05 30  5000 = 149
0.05  1  6000 =  52
0.05  2  6000 =  50
0.05  3  6000 = 143
0.05  4  6000 =  98
0.05  5  6000 =  98
0.05  6  6000 = 148
0.05  7  6000 = 148
0.05  8  6000 = 148
0.05  9  6000 = 148
0.05 10  6000 = 148
0.05 11  6000 = 149
0.05 12  6000 = 148
0.05 13  6000 = 148
0.05 14  6000 = 148
0.05 15  6000 = 148
0.05 16  6000 = 148
0.05 17  6000 = 148
0.05 18  6000 = 148
0.05 19  6000 = 148
0.05 20  6000 = 148
0.05 21  6000 = 148
0.05 22  6000 = 149
0.05 23  6000 = 148
0.05 24  6000 = 148
0.05 25  6000 = 148
0.05 26  6000 = 148
0.05 27  6000 = 148
0.05 28  6000 = 148
0.05 29  6000 = 148
0.05 30  6000 = 148
0.05  1  7000 =  53
0.05  2  7000 = 139
0.05  3  7000 =  50
0.05  4  7000 =  98
0.05  5  7000 = 148
0.05  6  7000 = 148
0.05  7  7000 = 148
0.05  8  7000 = 148
0.05  9  7000 = 148
0.05 10  7000 = 148
0.05 11  7000 = 148
0.05 12  7000 = 148
0.05 13  7000 = 149
0.05 14  7000 = 149
0.05 15  7000 = 148
0.05 16  7000 = 148
0.05 17  7000 = 148
0.05 18  7000 = 148
0.05 19  7000 = 148
0.05 20  7000 = 148
0.05 21  7000 = 149
0.05 22  7000 = 149
0.05 23  7000 = 148
0.05 24  7000 = 148
0.05 25  7000 = 148
0.05 26  7000 = 149
0.05 27  7000 = 148
0.05 28  7000 = 148
0.05 29  7000 = 148
0.05 30  7000 = 148
0.05  1  8000 =  52
0.05  2  8000 =  50
0.05  3  8000 = 141
0.05  4  8000 =  98
0.05  5  8000 = 148
0.05  6  8000 = 148
0.05  7  8000 = 148
0.05  8  8000 = 148
0.05  9  8000 = 149
0.05 10  8000 = 148
0.05 11  8000 = 149
0.05 12  8000 = 148
0.05 13  8000 = 148
0.05 14  8000 = 149
0.05 15  8000 = 149
0.05 16  8000 = 148
0.05 17  8000 = 149
0.05 18  8000 = 149
0.05 19  8000 = 148
0.05 20  8000 = 148
0.05 21  8000 = 148
0.05 22  8000 = 148
0.05 23  8000 = 148
0.05 24  8000 = 148
0.05 25  8000 = 148
0.05 26  8000 = 148
0.05 27  8000 = 148
0.05 28  8000 = 148
0.05 29  8000 = 148
0.05 30  8000 = 149
0.05  1  9000 =  50
0.05  2  9000 =  50
0.05  3  9000 = 142
0.05  4  9000 = 148
0.05  5  9000 = 148
0.05  6  9000 = 148
0.05  7  9000 = 148
0.05  8  9000 = 148
0.05  9  9000 = 148
0.05 10  9000 = 148
0.05 11  9000 = 148
0.05 12  9000 = 148
0.05 13  9000 = 148
0.05 14  9000 = 148
0.05 15  9000 = 148
0.05 16  9000 = 148
0.05 17  9000 = 148
0.05 18  9000 = 148
0.05 19  9000 = 149
0.05 20  9000 = 149
0.05 21  9000 = 148
0.05 22  9000 = 148
0.05 23  9000 = 148
0.05 24  9000 = 149
0.05 25  9000 = 148
0.05 26  9000 = 148
0.05 27  9000 = 148
0.05 28  9000 = 148
0.05 29  9000 = 149
0.05 30  9000 = 148
0.05  1 10000 =  50
0.05  2 10000 =  50
0.05  3 10000 = 100
0.05  4 10000 = 100
0.05  5 10000 = 148
0.05  6 10000 = 148
0.05  7 10000 = 149
0.05  8 10000 = 148
0.05  9 10000 = 148
0.05 10 10000 = 149
0.05 11 10000 = 148
0.05 12 10000 = 149
0.05 13 10000 = 149
0.05 14 10000 = 149
0.05 15 10000 = 148
0.05 16 10000 = 149
0.05 17 10000 = 148
0.05 18 10000 = 148
0.05 19 10000 = 149
0.05 20 10000 = 148
0.05 21 10000 = 149
0.05 22 10000 = 149
0.05 23 10000 = 148
0.05 24 10000 = 149
0.05 25 10000 = 149
0.05 26 10000 = 149
0.05 27 10000 = 148
0.05 28 10000 = 148
0.05 29 10000 = 148
0.05 30 10000 = 148
0.05  1 11000 =  52
0.05  2 11000 = 100
0.05  3 11000 = 100
0.05  4 11000 = 147
0.05  5 11000 =  99
0.05  6 11000 = 148
0.05  7 11000 = 148
0.05  8 11000 = 149
0.05  9 11000 = 149
0.05 10 11000 = 149
0.05 11 11000 = 149
0.05 12 11000 = 148
0.05 13 11000 = 148
0.05 14 11000 = 149
0.05 15 11000 = 149
0.05 16 11000 = 149
0.05 17 11000 = 149
0.05 18 11000 = 149
0.05 19 11000 = 149
0.05 20 11000 = 149
0.05 21 11000 = 148
0.05 22 11000 = 149
0.05 23 11000 = 149
0.05 24 11000 = 149
0.05 25 11000 = 149
0.05 26 11000 = 148
0.05 27 11000 = 149
0.05 28 11000 = 148
0.05 29 11000 = 148
0.05 30 11000 = 148
0.05  1 12000 =  50
0.05  2 12000 =  65
0.05  3 12000 = 143
0.05  4 12000 = 138
0.05  5 12000 = 100
0.05  6 12000 = 149
0.05  7 12000 = 148
0.05  8 12000 = 149
0.05  9 12000 = 149
0.05 10 12000 = 149
0.05 11 12000 = 149
0.05 12 12000 = 148
0.05 13 12000 = 148
0.05 14 12000 = 149
0.05 15 12000 = 149
0.05 16 12000 = 149
0.05 17 12000 = 149
0.05 18 12000 = 149
0.05 19 12000 = 149
0.05 20 12000 = 148
0.05 21 12000 = 149
0.05 22 12000 = 148
0.05 23 12000 = 149
0.05 24 12000 = 148
0.05 25 12000 = 149
0.05 26 12000 = 149
0.05 27 12000 = 148
0.05 28 12000 = 148
0.05 29 12000 = 149
0.05 30 12000 = 148
0.05  1 13000 =  50
0.05  2 13000 =  50
0.05  3 13000 = 100
0.05  4 13000 = 100
0.05  5 13000 = 141
0.05  6 13000 = 148
0.05  7 13000 = 149
0.05  8 13000 = 148
0.05  9 13000 = 148
0.05 10 13000 = 149
0.05 11 13000 = 149
0.05 12 13000 = 148
0.05 13 13000 = 149
0.05 14 13000 = 148
0.05 15 13000 = 148
0.05 16 13000 = 149
0.05 17 13000 = 149
0.05 18 13000 = 149
0.05 19 13000 = 148
0.05 20 13000 = 148
0.05 21 13000 = 149
0.05 22 13000 = 148
0.05 23 13000 = 149
0.05 24 13000 = 149
0.05 25 13000 = 149
0.05 26 13000 = 148
0.05 27 13000 = 148
0.05 28 13000 = 148
0.05 29 13000 = 149
0.05 30 13000 = 148
0.05  1 14000 =  50
0.05  2 14000 = 118
0.05  3 14000 = 143
0.05  4 14000 =  98
0.05  5 14000 = 148
0.05  6 14000 = 147
0.05  7 14000 = 149
0.05  8 14000 = 149
0.05  9 14000 = 149
0.05 10 14000 = 149
0.05 11 14000 = 148
0.05 12 14000 = 149
0.05 13 14000 = 149
0.05 14 14000 = 149
0.05 15 14000 = 149
0.05 16 14000 = 148
0.05 17 14000 = 149
0.05 18 14000 = 149
0.05 19 14000 = 149
0.05 20 14000 = 148
0.05 21 14000 = 149
0.05 22 14000 = 149
0.05 23 14000 = 149
0.05 24 14000 = 149
0.05 25 14000 = 149
0.05 26 14000 = 149
0.05 27 14000 = 148
0.05 28 14000 = 149
0.05 29 14000 = 149
0.05 30 14000 = 149
0.05  1 15000 =  50
0.05  2 15000 = 109
0.05  3 15000 =  97
0.05  4 15000 =  98
0.05  5 15000 = 100
0.05  6 15000 = 149
0.05  7 15000 = 148
0.05  8 15000 = 149
0.05  9 15000 = 149
0.05 10 15000 = 149
0.05 11 15000 = 149
0.05 12 15000 = 148
0.05 13 15000 = 148
0.05 14 15000 = 149
0.05 15 15000 = 149
0.05 16 15000 = 148
0.05 17 15000 = 149
0.05 18 15000 = 149
0.05 19 15000 = 149
0.05 20 15000 = 148
0.05 21 15000 = 148
0.05 22 15000 = 148
0.05 23 15000 = 149
0.05 24 15000 = 149
0.05 25 15000 = 149
0.05 26 15000 = 149
0.05 27 15000 = 149
0.05 28 15000 = 149
0.05 29 15000 = 149
0.05 30 15000 = 148
0.10  1  1000 =  60
0.10  2  1000 =  50
0.10  3  1000 =  50
0.10  4  1000 = 134
0.10  5  1000 = 145
0.10  6  1000 = 147
0.10  7  1000 = 148
0.10  8  1000 = 147
0.10  9  1000 = 147
0.10 10  1000 = 148
0.10 11  1000 = 147
0.10 12  1000 = 148
0.10 13  1000 = 147
0.10 14  1000 = 147
0.10 15  1000 = 148
0.10 16  1000 = 147
0.10 17  1000 = 147
0.10 18  1000 = 148
0.10 19  1000 = 147
0.10 20  1000 = 147
0.10 21  1000 = 148
0.10 22  1000 = 147
0.10 23  1000 = 148
0.10 24  1000 = 147
0.10 25  1000 = 147
0.10 26  1000 = 147
0.10 27  1000 = 147
0.10 28  1000 = 147
0.10 29  1000 = 147
0.10 30  1000 = 147
0.10  1  2000 =  56
0.10  2  2000 =  50
0.10  3  2000 =  97
0.10  4  2000 = 100
0.10  5  2000 =  97
0.10  6  2000 = 148
0.10  7  2000 = 148
0.10  8  2000 = 148
0.10  9  2000 = 148
0.10 10  2000 = 148
0.10 11  2000 = 148
0.10 12  2000 = 148
0.10 13  2000 = 148
0.10 14  2000 = 148
0.10 15  2000 = 148
0.10 16  2000 = 148
0.10 17  2000 = 148
0.10 18  2000 = 148
0.10 19  2000 = 148
0.10 20  2000 = 148
0.10 21  2000 = 148
0.10 22  2000 = 148
0.10 23  2000 = 148
0.10 24  2000 = 148
0.10 25  2000 = 148
0.10 26  2000 = 148
0.10 27  2000 = 148
0.10 28  2000 = 148
0.10 29  2000 = 148
0.10 30  2000 = 148
0.10  1  3000 =  53
0.10  2  3000 = 100
0.10  3  3000 =  97
0.10  4  3000 = 147
0.10  5  3000 = 140
0.10  6  3000 = 148
0.10  7  3000 = 148
0.10  8  3000 = 100
0.10  9  3000 = 148
0.10 10  3000 = 148
0.10 11  3000 = 148
0.10 12  3000 = 148
0.10 13  3000 = 148
0.10 14  3000 = 148
0.10 15  3000 = 148
0.10 16  3000 = 148
0.10 17  3000 = 148
0.10 18  3000 = 148
0.10 19  3000 = 148
0.10 20  3000 = 148
0.10 21  3000 = 148
0.10 22  3000 = 148
0.10 23  3000 = 148
0.10 24  3000 = 148
0.10 25  3000 = 148
0.10 26  3000 = 148
0.10 27  3000 = 148
0.10 28  3000 = 148
0.10 29  3000 = 148
0.10 30  3000 = 148
0.10  1  4000 =  53
0.10  2  4000 =  50
0.10  3  4000 = 100
0.10  4  4000 =  98
0.10  5  4000 = 100
0.10  6  4000 = 148
0.10  7  4000 = 148
0.10  8  4000 = 149
0.10  9  4000 = 148
0.10 10  4000 = 149
0.10 11  4000 = 149
0.10 12  4000 = 148
0.10 13  4000 = 148
0.10 14  4000 = 148
0.10 15  4000 = 148
0.10 16  4000 = 148
0.10 17  4000 = 149
0.10 18  4000 = 148
0.10 19  4000 = 149
0.10 20  4000 = 148
0.10 21  4000 = 148
0.10 22  4000 = 148
0.10 23  4000 = 149
0.10 24  4000 = 148
0.10 25  4000 = 148
0.10 26  4000 = 148
0.10 27  4000 = 149
0.10 28  4000 = 148
0.10 29  4000 = 148
0.10 30  4000 = 148
0.10  1  5000 =  49
0.10  2  5000 =  50
0.10  3  5000 =  97
0.10  4  5000 =  98
0.10  5  5000 = 149
0.10  6  5000 = 148
0.10  7  5000 = 148
0.10  8  5000 = 148
0.10  9  5000 = 148
0.10 10  5000 = 148
0.10 11  5000 = 149
0.10 12  5000 = 148
0.10 13  5000 = 148
0.10 14  5000 = 148
0.10 15  5000 = 149
0.10 16  5000 = 148
0.10 17  5000 = 148
0.10 18  5000 = 148
0.10 19  5000 = 148
0.10 20  5000 = 148
0.10 21  5000 = 148
0.10 22  5000 = 149
0.10 23  5000 = 148
0.10 24  5000 = 148
0.10 25  5000 = 148
0.10 26  5000 = 148
0.10 27  5000 = 148
0.10 28  5000 = 148
0.10 29  5000 = 149
0.10 30  5000 = 149
0.10  1  6000 =  50
0.10  2  6000 =  50
0.10  3  6000 =  98
0.10  4  6000 = 138
0.10  5  6000 = 100
0.10  6  6000 = 148
0.10  7  6000 = 148
0.10  8  6000 = 149
0.10  9  6000 = 148
0.10 10  6000 = 148
0.10 11  6000 = 149
0.10 12  6000 = 149
0.10 13  6000 = 149
0.10 14  6000 = 148
0.10 15  6000 = 149
0.10 16  6000 = 149
0.10 17  6000 = 148
0.10 18  6000 = 148
0.10 19  6000 = 148
0.10 20  6000 = 148
0.10 21  6000 = 149
0.10 22  6000 = 149
0.10 23  6000 = 148
0.10 24  6000 = 148
0.10 25  6000 = 149
0.10 26  6000 = 149
0.10 27  6000 = 148
0.10 28  6000 = 148
0.10 29  6000 = 149
0.10 30  6000 = 148
0.10  1  7000 =  55
0.10  2  7000 = 100
0.10  3  7000 =  97
0.10  4  7000 = 148
0.10  5  7000 = 148
0.10  6  7000 = 148
0.10  7  7000 = 148
0.10  8  7000 = 148
0.10  9  7000 = 149
0.10 10  7000 = 148
0.10 11  7000 = 149
0.10 12  7000 = 148
0.10 13  7000 = 148
0.10 14  7000 = 149
0.10 15  7000 = 149
0.10 16  7000 = 148
0.10 17  7000 = 148
0.10 18  7000 = 148
0.10 19  7000 = 148
0.10 20  7000 = 148
0.10 21  7000 = 149
0.10 22  7000 = 148
0.10 23  7000 = 148
0.10 24  7000 = 148
0.10 25  7000 = 148
0.10 26  7000 = 148
0.10 27  7000 = 148
0.10 28  7000 = 148
0.10 29  7000 = 148
0.10 30  7000 = 148
0.10  1  8000 =  55
0.10  2  8000 =  98
0.10  3  8000 = 100
0.10  4  8000 = 148
0.10  5  8000 =  98
0.10  6  8000 = 148
0.10  7  8000 = 149
0.10  8  8000 = 148
0.10  9  8000 = 148
0.10 10  8000 = 149
0.10 11  8000 = 148
0.10 12  8000 = 148
0.10 13  8000 = 148
0.10 14  8000 = 148
0.10 15  8000 = 149
0.10 16  8000 = 149
0.10 17  8000 = 148
0.10 18  8000 = 149
0.10 19  8000 = 148
0.10 20  8000 = 149
0.10 21  8000 = 149
0.10 22  8000 = 148
0.10 23  8000 = 148
0.10 24  8000 = 148
0.10 25  8000 = 148
0.10 26  8000 = 148
0.10 27  8000 = 148
0.10 28  8000 = 148
0.10 29  8000 = 148
0.10 30  8000 = 148
0.10  1  9000 =  53
0.10  2  9000 = 100
0.10  3  9000 =  98
0.10  4  9000 = 100
0.10  5  9000 = 149
0.10  6  9000 = 148
0.10  7  9000 = 148
0.10  8  9000 = 148
0.10  9  9000 = 149
0.10 10  9000 = 148
0.10 11  9000 = 149
0.10 12  9000 = 148
0.10 13  9000 = 149
0.10 14  9000 = 149
0.10 15  9000 = 148
0.10 16  9000 = 149
0.10 17  9000 = 149
0.10 18  9000 = 149
0.10 19  9000 = 149
0.10 20  9000 = 149
0.10 21  9000 = 148
0.10 22  9000 = 148
0.10 23  9000 = 149
0.10 24  9000 = 149
0.10 25  9000 = 148
0.10 26  9000 = 149
0.10 27  9000 = 148
0.10 28  9000 = 148
0.10 29  9000 = 149
0.10 30  9000 = 148
0.10  1 10000 =  52
0.10  2 10000 =  50
0.10  3 10000 =  98
0.10  4 10000 =  98
0.10  5 10000 = 139
0.10  6 10000 = 149
0.10  7 10000 = 148
0.10  8 10000 = 148
0.10  9 10000 = 148
0.10 10 10000 = 148
0.10 11 10000 = 149
0.10 12 10000 = 149
0.10 13 10000 = 149
0.10 14 10000 = 149
0.10 15 10000 = 148
0.10 16 10000 = 149
0.10 17 10000 = 149
0.10 18 10000 = 148
0.10 19 10000 = 148
0.10 20 10000 = 149
0.10 21 10000 = 149
0.10 22 10000 = 149
0.10 23 10000 = 148
0.10 24 10000 = 148
0.10 25 10000 = 148
0.10 26 10000 = 148
0.10 27 10000 = 148
0.10 28 10000 = 148
0.10 29 10000 = 148
0.10 30 10000 = 148
0.10  1 11000 =  50
0.10  2 11000 =  98
0.10  3 11000 =  99
0.10  4 11000 =  98
0.10  5 11000 = 100
0.10  6 11000 = 149
0.10  7 11000 = 149
0.10  8 11000 = 149
0.10  9 11000 = 148
0.10 10 11000 = 149
0.10 11 11000 = 149
0.10 12 11000 = 149
0.10 13 11000 = 149
0.10 14 11000 = 148
0.10 15 11000 = 149
0.10 16 11000 = 148
0.10 17 11000 = 148
0.10 18 11000 = 149
0.10 19 11000 = 148
0.10 20 11000 = 149
0.10 21 11000 = 149
0.10 22 11000 = 149
0.10 23 11000 = 149
0.10 24 11000 = 148
0.10 25 11000 = 149
0.10 26 11000 = 148
0.10 27 11000 = 148
0.10 28 11000 = 149
0.10 29 11000 = 149
0.10 30 11000 = 149
0.10  1 12000 =  50
0.10  2 12000 =  50
0.10  3 12000 =  98
0.10  4 12000 = 100
0.10  5 12000 = 142
0.10  6 12000 = 149
0.10  7 12000 = 149
0.10  8 12000 = 148
0.10  9 12000 = 148
0.10 10 12000 = 149
0.10 11 12000 = 148
0.10 12 12000 = 149
0.10 13 12000 = 150
0.10 14 12000 = 149
0.10 15 12000 = 149
0.10 16 12000 = 149
0.10 17 12000 = 148
0.10 18 12000 = 149
0.10 19 12000 = 149
0.10 20 12000 = 149
0.10 21 12000 = 149
0.10 22 12000 = 149
0.10 23 12000 = 149
0.10 24 12000 = 148
0.10 25 12000 = 149
0.10 26 12000 = 149
0.10 27 12000 = 149
0.10 28 12000 = 149
0.10 29 12000 = 148
0.10 30 12000 = 148
0.10  1 13000 =  53
0.10  2 13000 =  98
0.10  3 13000 =  98
0.10  4 13000 = 149
0.10  5 13000 = 148
0.10  6 13000 = 149
0.10  7 13000 = 149
0.10  8 13000 = 149
0.10  9 13000 = 148
0.10 10 13000 = 149
0.10 11 13000 = 149
0.10 12 13000 = 149
0.10 13 13000 = 149
0.10 14 13000 = 149
0.10 15 13000 = 150
0.10 16 13000 = 149
0.10 17 13000 = 149
0.10 18 13000 = 149
0.10 19 13000 = 149
0.10 20 13000 = 149
0.10 21 13000 = 149
0.10 22 13000 = 149
0.10 23 13000 = 148
0.10 24 13000 = 148
0.10 25 13000 = 149
0.10 26 13000 = 149
0.10 27 13000 = 149
0.10 28 13000 = 149
0.10 29 13000 = 148
0.10 30 13000 = 149
0.10  1 14000 =  51
0.10  2 14000 =  50
0.10  3 14000 =  98
0.10  4 14000 = 148
0.10  5 14000 = 149
0.10  6 14000 = 149
0.10  7 14000 = 148
0.10  8 14000 = 148
0.10  9 14000 = 148
0.10 10 14000 = 149
0.10 11 14000 = 148
0.10 12 14000 = 149
0.10 13 14000 = 148
0.10 14 14000 = 149
0.10 15 14000 = 148
0.10 16 14000 = 149
0.10 17 14000 = 149
0.10 18 14000 = 149
0.10 19 14000 = 149
0.10 20 14000 = 149
0.10 21 14000 = 149
0.10 22 14000 = 149
0.10 23 14000 = 149
0.10 24 14000 = 150
0.10 25 14000 = 149
0.10 26 14000 = 149
0.10 27 14000 = 149
0.10 28 14000 = 148
0.10 29 14000 = 149
0.10 30 14000 = 149
0.10  1 15000 =  50
0.10  2 15000 = 110
0.10  3 15000 =  98
0.10  4 15000 = 100
0.10  5 15000 = 150
0.10  6 15000 = 149
0.10  7 15000 = 149
0.10  8 15000 = 149
0.10  9 15000 = 150
0.10 10 15000 = 149
0.10 11 15000 = 149
0.10 12 15000 = 148
0.10 13 15000 = 149
0.10 14 15000 = 149
0.10 15 15000 = 149
0.10 16 15000 = 149
0.10 17 15000 = 149
0.10 18 15000 = 149
0.10 19 15000 = 149
0.10 20 15000 = 149
0.10 21 15000 = 149
0.10 22 15000 = 149
0.10 23 15000 = 149
0.10 24 15000 = 149
0.10 25 15000 = 149
0.10 26 15000 = 149
0.10 27 15000 = 149
0.10 28 15000 = 148
0.10 29 15000 = 149
0.10 30 15000 = 150
0.15  1  1000 =  50
0.15  2  1000 =  50
0.15  3  1000 = 100
0.15  4  1000 = 100
0.15  5  1000 = 132
0.15  6  1000 = 148
0.15  7  1000 = 148
0.15  8  1000 = 148
0.15  9  1000 = 148
0.15 10  1000 = 147
0.15 11  1000 = 147
0.15 12  1000 = 148
0.15 13  1000 = 148
0.15 14  1000 = 148
0.15 15  1000 = 148
0.15 16  1000 = 148
0.15 17  1000 = 147
0.15 18  1000 = 148
0.15 19  1000 = 148
0.15 20  1000 = 148
0.15 21  1000 = 148
0.15 22  1000 = 148
0.15 23  1000 = 148
0.15 24  1000 = 148
0.15 25  1000 = 148
0.15 26  1000 = 148
0.15 27  1000 = 148
0.15 28  1000 = 148
0.15 29  1000 = 148
0.15 30  1000 = 148
0.15  1  2000 =  50
0.15  2  2000 =  50
0.15  3  2000 =  98
0.15  4  2000 = 100
0.15  5  2000 = 148
0.15  6  2000 = 148
0.15  7  2000 = 148
0.15  8  2000 = 148
0.15  9  2000 = 148
0.15 10  2000 = 148
0.15 11  2000 = 148
0.15 12  2000 = 148
0.15 13  2000 = 148
0.15 14  2000 = 149
0.15 15  2000 = 148
0.15 16  2000 = 148
0.15 17  2000 = 148
0.15 18  2000 = 148
0.15 19  2000 = 148
0.15 20  2000 = 148
0.15 21  2000 = 148
0.15 22  2000 = 148
0.15 23  2000 = 148
0.15 24  2000 = 148
0.15 25  2000 = 148
0.15 26  2000 = 148
0.15 27  2000 = 148
0.15 28  2000 = 148
0.15 29  2000 = 148
0.15 30  2000 = 149
0.15  1  3000 =  50
0.15  2  3000 =  59
0.15  3  3000 = 100
0.15  4  3000 =  98
0.15  5  3000 = 148
0.15  6  3000 = 149
0.15  7  3000 = 148
0.15  8  3000 = 148
0.15  9  3000 = 148
0.15 10  3000 = 148
0.15 11  3000 = 148
0.15 12  3000 = 149
0.15 13  3000 = 149
0.15 14  3000 = 148
0.15 15  3000 = 148
0.15 16  3000 = 148
0.15 17  3000 = 149
0.15 18  3000 = 149
0.15 19  3000 = 149
0.15 20  3000 = 148
0.15 21  3000 = 148
0.15 22  3000 = 148
0.15 23  3000 = 148
0.15 24  3000 = 148
0.15 25  3000 = 148
0.15 26  3000 = 149
0.15 27  3000 = 149
0.15 28  3000 = 148
0.15 29  3000 = 148
0.15 30  3000 = 148
0.15  1  4000 =  50
0.15  2  4000 = 100
0.15  3  4000 =  98
0.15  4  4000 = 148
0.15  5  4000 = 149
0.15  6  4000 = 148
0.15  7  4000 = 148
0.15  8  4000 = 148
0.15  9  4000 = 148
0.15 10  4000 = 148
0.15 11  4000 = 148
0.15 12  4000 = 148
0.15 13  4000 = 148
0.15 14  4000 = 148
0.15 15  4000 = 149
0.15 16  4000 = 148
0.15 17  4000 = 148
0.15 18  4000 = 149
0.15 19  4000 = 148
0.15 20  4000 = 148
0.15 21  4000 = 148
0.15 22  4000 = 148
0.15 23  4000 = 148
0.15 24  4000 = 148
0.15 25  4000 = 149
0.15 26  4000 = 149
0.15 27  4000 = 148
0.15 28  4000 = 148
0.15 29  4000 = 148
0.15 30  4000 = 148
0.15  1  5000 =  50
0.15  2  5000 =  98
0.15  3  5000 = 148
0.15  4  5000 = 100
0.15  5  5000 = 148
0.15  6  5000 = 149
0.15  7  5000 = 149
0.15  8  5000 = 148
0.15  9  5000 = 148
0.15 10  5000 = 148
0.15 11  5000 = 149
0.15 12  5000 = 148
0.15 13  5000 = 149
0.15 14  5000 = 148
0.15 15  5000 = 148
0.15 16  5000 = 148
0.15 17  5000 = 148
0.15 18  5000 = 148
0.15 19  5000 = 148
0.15 20  5000 = 148
0.15 21  5000 = 149
0.15 22  5000 = 148
0.15 23  5000 = 148
0.15 24  5000 = 148
0.15 25  5000 = 148
0.15 26  5000 = 148
0.15 27  5000 = 148
0.15 28  5000 = 148
0.15 29  5000 = 148
0.15 30  5000 = 148
0.15  1  6000 =  50
0.15  2  6000 =  98
0.15  3  6000 = 100
0.15  4  6000 = 100
0.15  5  6000 = 148
0.15  6  6000 = 149
0.15  7  6000 = 149
0.15  8  6000 = 148
0.15  9  6000 = 148
0.15 10  6000 = 148
0.15 11  6000 = 148
0.15 12  6000 = 149
0.15 13  6000 = 148
0.15 14  6000 = 148
0.15 15  6000 = 148
0.15 16  6000 = 149
0.15 17  6000 = 149
0.15 18  6000 = 148
0.15 19  6000 = 148
0.15 20  6000 = 148
0.15 21  6000 = 148
0.15 22  6000 = 149
0.15 23  6000 = 149
0.15 24  6000 = 148
0.15 25  6000 = 148
0.15 26  6000 = 148
0.15 27  6000 = 148
0.15 28  6000 = 148
0.15 29  6000 = 149
0.15 30  6000 = 149
0.15  1  7000 =  51
0.15  2  7000 = 117
0.15  3  7000 =  98
0.15  4  7000 = 100
0.15  5  7000 = 100
0.15  6  7000 = 149
0.15  7  7000 = 149
0.15  8  7000 = 149
0.15  9  7000 = 148
0.15 10  7000 = 149
0.15 11  7000 = 149
0.15 12  7000 = 149
0.15 13  7000 = 149
0.15 14  7000 = 149
0.15 15  7000 = 148
0.15 16  7000 = 149
0.15 17  7000 = 148
0.15 18  7000 = 148
0.15 19  7000 = 149
0.15 20  7000 = 149
0.15 21  7000 = 149
0.15 22  7000 = 149
0.15 23  7000 = 148
0.15 24  7000 = 149
0.15 25  7000 = 149
0.15 26  7000 = 148
0.15 27  7000 = 149
0.15 28  7000 = 149
0.15 29  7000 = 149
0.15 30  7000 = 149
0.15  1  8000 =  50
0.15  2  8000 =  50
0.15  3  8000 = 100
0.15  4  8000 = 100
0.15  5  8000 =  99
0.15  6  8000 = 149
0.15  7  8000 = 148
0.15  8  8000 = 148
0.15  9  8000 = 150
0.15 10  8000 = 149
0.15 11  8000 = 149
0.15 12  8000 = 148
0.15 13  8000 = 149
0.15 14  8000 = 149
0.15 15  8000 = 149
0.15 16  8000 = 149
0.15 17  8000 = 149
0.15 18  8000 = 149
0.15 19  8000 = 149
0.15 20  8000 = 149
0.15 21  8000 = 149
0.15 22  8000 = 149
0.15 23  8000 = 149
0.15 24  8000 = 148
0.15 25  8000 = 149
0.15 26  8000 = 149
0.15 27  8000 = 149
0.15 28  8000 = 149
0.15 29  8000 = 148
0.15 30  8000 = 149
0.15  1  9000 =  50
0.15  2  9000 =  50
0.15  3  9000 = 100
0.15  4  9000 =  98
0.15  5  9000 = 148
0.15  6  9000 = 149
0.15  7  9000 = 149
0.15  8  9000 = 149
0.15  9  9000 = 149
0.15 10  9000 = 149
0.15 11  9000 = 149
0.15 12  9000 = 148
0.15 13  9000 = 149
0.15 14  9000 = 149
0.15 15  9000 = 149
0.15 16  9000 = 149
0.15 17  9000 = 149
0.15 18  9000 = 148
0.15 19  9000 = 149
0.15 20  9000 = 149
0.15 21  9000 = 149
0.15 22  9000 = 148
0.15 23  9000 = 149
0.15 24  9000 = 149
0.15 25  9000 = 148
0.15 26  9000 = 149
0.15 27  9000 = 149
0.15 28  9000 = 148
0.15 29  9000 = 148
0.15 30  9000 = 148
0.15  1 10000 =  50
0.15  2 10000 =  98
0.15  3 10000 =  98
0.15  4 10000 =  98
0.15  5 10000 = 100
0.15  6 10000 = 149
0.15  7 10000 = 147
0.15  8 10000 = 148
0.15  9 10000 = 149
0.15 10 10000 = 149
0.15 11 10000 = 149
0.15 12 10000 = 149
0.15 13 10000 = 149
0.15 14 10000 = 150
0.15 15 10000 = 149
0.15 16 10000 = 149
0.15 17 10000 = 149
0.15 18 10000 = 148
0.15 19 10000 = 149
0.15 20 10000 = 149
0.15 21 10000 = 149
0.15 22 10000 = 149
0.15 23 10000 = 149
0.15 24 10000 = 149
0.15 25 10000 = 149
0.15 26 10000 = 149
0.15 27 10000 = 149
0.15 28 10000 = 149
0.15 29 10000 = 149
0.15 30 10000 = 149
0.15  1 11000 =  51
0.15  2 11000 = 100
0.15  3 11000 = 100
0.15  4 11000 = 100
0.15  5 11000 = 148
0.15  6 11000 =  99
0.15  7 11000 = 150
0.15  8 11000 = 150
0.15  9 11000 = 149
0.15 10 11000 = 149
0.15 11 11000 = 150
0.15 12 11000 = 150
0.15 13 11000 = 149
0.15 14 11000 = 149
0.15 15 11000 = 149
0.15 16 11000 = 150
0.15 17 11000 = 149
0.15 18 11000 = 149
0.15 19 11000 = 149
0.15 20 11000 = 149
0.15 21 11000 = 149
0.15 22 11000 = 149
0.15 23 11000 = 149
0.15 24 11000 = 149
0.15 25 11000 = 149
0.15 26 11000 = 149
0.15 27 11000 = 149
0.15 28 11000 = 149
0.15 29 11000 = 149
0.15 30 11000 = 148
0.15  1 12000 =  50
0.15  2 12000 = 100
0.15  3 12000 =  98
0.15  4 12000 = 140
0.15  5 12000 = 149
0.15  6 12000 = 150
0.15  7 12000 = 149
0.15  8 12000 = 149
0.15  9 12000 = 149
0.15 10 12000 = 149
0.15 11 12000 = 149
0.15 12 12000 = 149
0.15 13 12000 = 149
0.15 14 12000 = 149
0.15 15 12000 = 149
0.15 16 12000 = 149
0.15 17 12000 = 149
0.15 18 12000 = 149
0.15 19 12000 = 149
0.15 20 12000 = 149
0.15 21 12000 = 149
0.15 22 12000 = 149
0.15 23 12000 = 149
0.15 24 12000 = 149
0.15 25 12000 = 149
0.15 26 12000 = 149
0.15 27 12000 = 149
0.15 28 12000 = 149
0.15 29 12000 = 149
0.15 30 12000 = 149
0.15  1 13000 =  50
0.15  2 13000 = 112
0.15  3 13000 =  98
0.15  4 13000 = 100
0.15  5 13000 = 148
0.15  6 13000 = 149
0.15  7 13000 = 150
0.15  8 13000 = 150
0.15  9 13000 = 149
0.15 10 13000 = 149
0.15 11 13000 = 149
0.15 12 13000 = 149
0.15 13 13000 = 149
0.15 14 13000 = 149
0.15 15 13000 = 150
0.15 16 13000 = 149
0.15 17 13000 = 149
0.15 18 13000 = 149
0.15 19 13000 = 148
0.15 20 13000 = 149
0.15 21 13000 = 149
0.15 22 13000 = 149
0.15 23 13000 = 149
0.15 24 13000 = 149
0.15 25 13000 = 149
0.15 26 13000 = 149
0.15 27 13000 = 149
0.15 28 13000 = 149
0.15 29 13000 = 149
0.15 30 13000 = 149
0.15  1 14000 =  50
0.15  2 14000 = 114
0.15  3 14000 =  98
0.15  4 14000 = 100
0.15  5 14000 = 100
0.15  6 14000 = 148
0.15  7 14000 = 148
0.15  8 14000 = 149
0.15  9 14000 = 150
0.15 10 14000 = 150
0.15 11 14000 = 149
0.15 12 14000 = 149
0.15 13 14000 = 150
0.15 14 14000 = 149
0.15 15 14000 = 149
0.15 16 14000 = 149
0.15 17 14000 = 149
0.15 18 14000 = 149
0.15 19 14000 = 150
0.15 20 14000 = 149
0.15 21 14000 = 149
0.15 22 14000 = 149
0.15 23 14000 = 149
0.15 24 14000 = 149
0.15 25 14000 = 149
0.15 26 14000 = 149
0.15 27 14000 = 149
0.15 28 14000 = 149
0.15 29 14000 = 149
0.15 30 14000 = 149
0.15  1 15000 =  50
0.15  2 15000 = 100
0.15  3 15000 = 148
0.15  4 15000 =  98
0.15  5 15000 = 146
0.15  6 15000 = 148
0.15  7 15000 = 149
0.15  8 15000 = 149
0.15  9 15000 = 150
0.15 10 15000 = 149
0.15 11 15000 = 149
0.15 12 15000 = 150
0.15 13 15000 = 149
0.15 14 15000 = 149
0.15 15 15000 = 149
0.15 16 15000 = 150
0.15 17 15000 = 149
0.15 18 15000 = 150
0.15 19 15000 = 149
0.15 20 15000 = 149
0.15 21 15000 = 149
0.15 22 15000 = 149
0.15 23 15000 = 149
0.15 24 15000 = 149
0.15 25 15000 = 149
0.15 26 15000 = 149
0.15 27 15000 = 149
0.15 28 15000 = 149
0.15 29 15000 = 149
0.15 30 15000 = 149
0.20  1  1000 =  50
0.20  2  1000 =  97
0.20  3  1000 =  98
0.20  4  1000 = 147
0.20  5  1000 = 147
0.20  6  1000 = 148
0.20  7  1000 = 148
0.20  8  1000 = 148
0.20  9  1000 = 147
0.20 10  1000 = 148
0.20 11  1000 = 148
0.20 12  1000 = 148
0.20 13  1000 = 148
0.20 14  1000 = 148
0.20 15  1000 = 148
0.20 16  1000 = 148
0.20 17  1000 = 148
0.20 18  1000 = 148
0.20 19  1000 = 148
0.20 20  1000 = 148
0.20 21  1000 = 148
0.20 22  1000 = 148
0.20 23  1000 = 148
0.20 24  1000 = 148
0.20 25  1000 = 148
0.20 26  1000 = 148
0.20 27  1000 = 148
0.20 28  1000 = 148
0.20 29  1000 = 148
0.20 30  1000 = 148
0.20  1  2000 =  50
0.20  2  2000 =  97
0.20  3  2000 = 100
0.20  4  2000 = 100
0.20  5  2000 = 148
0.20  6  2000 = 147
0.20  7  2000 = 148
0.20  8  2000 = 148
0.20  9  2000 = 149
0.20 10  2000 = 148
0.20 11  2000 = 149
0.20 12  2000 = 148
0.20 13  2000 = 148
0.20 14  2000 = 149
0.20 15  2000 = 148
0.20 16  2000 = 148
0.20 17  2000 = 148
0.20 18  2000 = 148
0.20 19  2000 = 148
0.20 20  2000 = 148
0.20 21  2000 = 148
0.20 22  2000 = 148
0.20 23  2000 = 148
0.20 24  2000 = 148
0.20 25  2000 = 148
0.20 26  2000 = 148
0.20 27  2000 = 148
0.20 28  2000 = 148
0.20 29  2000 = 148
0.20 30  2000 = 148
0.20  1  3000 =  50
0.20  2  3000 = 148
0.20  3  3000 =  97
0.20  4  3000 = 148
0.20  5  3000 =  98
0.20  6  3000 = 136
0.20  7  3000 = 149
0.20  8  3000 = 148
0.20  9  3000 = 148
0.20 10  3000 = 149
0.20 11  3000 = 148
0.20 12  3000 = 149
0.20 13  3000 = 149
0.20 14  3000 = 148
0.20 15  3000 = 148
0.20 16  3000 = 149
0.20 17  3000 = 148
0.20 18  3000 = 148
0.20 19  3000 = 148
0.20 20  3000 = 148
0.20 21  3000 = 148
0.20 22  3000 = 148
0.20 23  3000 = 149
0.20 24  3000 = 148
0.20 25  3000 = 149
0.20 26  3000 = 149
0.20 27  3000 = 149
0.20 28  3000 = 149
0.20 29  3000 = 149
0.20 30  3000 = 148
0.20  1  4000 =  50
0.20  2  4000 = 100
0.20  3  4000 = 100
0.20  4  4000 = 148
0.20  5  4000 = 141
0.20  6  4000 = 147
0.20  7  4000 = 148
0.20  8  4000 = 149
0.20  9  4000 = 149
0.20 10  4000 = 149
0.20 11  4000 = 149
0.20 12  4000 = 149
0.20 13  4000 = 149
0.20 14  4000 = 149
0.20 15  4000 = 148
0.20 16  4000 = 148
0.20 17  4000 = 148
0.20 18  4000 = 149
0.20 19  4000 = 148
0.20 20  4000 = 149
0.20 21  4000 = 149
0.20 22  4000 = 148
0.20 23  4000 = 148
0.20 24  4000 = 149
0.20 25  4000 = 148
0.20 26  4000 = 148
0.20 27  4000 = 148
0.20 28  4000 = 148
0.20 29  4000 = 148
0.20 30  4000 = 148
0.20  1  5000 =  50
0.20  2  5000 =  63
0.20  3  5000 =  98
0.20  4  5000 = 148
0.20  5  5000 = 100
0.20  6  5000 = 100
0.20  7  5000 = 148
0.20  8  5000 = 149
0.20  9  5000 = 148
0.20 10  5000 = 148
0.20 11  5000 = 149
0.20 12  5000 = 149
0.20 13  5000 = 149
0.20 14  5000 = 149
0.20 15  5000 = 149
0.20 16  5000 = 148
0.20 17  5000 = 148
0.20 18  5000 = 148
0.20 19  5000 = 149
0.20 20  5000 = 148
0.20 21  5000 = 148
0.20 22  5000 = 148
0.20 23  5000 = 149
0.20 24  5000 = 148
0.20 25  5000 = 149
0.20 26  5000 = 148
0.20 27  5000 = 148
0.20 28  5000 = 148
0.20 29  5000 = 148
0.20 30  5000 = 148
0.20  1  6000 =  51
0.20  2  6000 =  50
0.20  3  6000 = 100
0.20  4  6000 =  98
0.20  5  6000 = 148
0.20  6  6000 = 148
0.20  7  6000 = 149
0.20  8  6000 = 148
0.20  9  6000 = 149
0.20 10  6000 = 150
0.20 11  6000 = 148
0.20 12  6000 = 149
0.20 13  6000 = 149
0.20 14  6000 = 149
0.20 15  6000 = 149
0.20 16  6000 = 149
0.20 17  6000 = 148
0.20 18  6000 = 149
0.20 19  6000 = 149
0.20 20  6000 = 148
0.20 21  6000 = 148
0.20 22  6000 = 149
0.20 23  6000 = 149
0.20 24  6000 = 149
0.20 25  6000 = 149
0.20 26  6000 = 149
0.20 27  6000 = 149
0.20 28  6000 = 148
0.20 29  6000 = 149
0.20 30  6000 = 149
0.20  1  7000 =  50
0.20  2  7000 = 117
0.20  3  7000 =  98
0.20  4  7000 = 100
0.20  5  7000 = 149
0.20  6  7000 = 149
0.20  7  7000 = 148
0.20  8  7000 = 148
0.20  9  7000 = 150
0.20 10  7000 = 149
0.20 11  7000 = 149
0.20 12  7000 = 149
0.20 13  7000 = 148
0.20 14  7000 = 149
0.20 15  7000 = 149
0.20 16  7000 = 149
0.20 17  7000 = 148
0.20 18  7000 = 149
0.20 19  7000 = 149
0.20 20  7000 = 149
0.20 21  7000 = 149
0.20 22  7000 = 149
0.20 23  7000 = 149
0.20 24  7000 = 149
0.20 25  7000 = 148
0.20 26  7000 = 149
0.20 27  7000 = 149
0.20 28  7000 = 149
0.20 29  7000 = 149
0.20 30  7000 = 149
0.20  1  8000 =  50
0.20  2  8000 = 100
0.20  3  8000 = 100
0.20  4  8000 =  98
0.20  5  8000 = 100
0.20  6  8000 = 149
0.20  7  8000 = 149
0.20  8  8000 = 149
0.20  9  8000 = 149
0.20 10  8000 = 148
0.20 11  8000 = 149
0.20 12  8000 = 149
0.20 13  8000 = 149
0.20 14  8000 = 149
0.20 15  8000 = 149
0.20 16  8000 = 149
0.20 17  8000 = 149
0.20 18  8000 = 149
0.20 19  8000 = 149
0.20 20  8000 = 148
0.20 21  8000 = 149
0.20 22  8000 = 149
0.20 23  8000 = 149
0.20 24  8000 = 149
0.20 25  8000 = 148
0.20 26  8000 = 149
0.20 27  8000 = 149
0.20 28  8000 = 149
0.20 29  8000 = 149
0.20 30  8000 = 149
0.20  1  9000 =  50
0.20  2  9000 =  98
0.20  3  9000 = 100
0.20  4  9000 =  98
0.20  5  9000 = 137
0.20  6  9000 = 100
0.20  7  9000 = 148
0.20  8  9000 = 150
0.20  9  9000 = 148
0.20 10  9000 = 149
0.20 11  9000 = 149
0.20 12  9000 = 149
0.20 13  9000 = 150
0.20 14  9000 = 149
0.20 15  9000 = 149
0.20 16  9000 = 149
0.20 17  9000 = 149
0.20 18  9000 = 149
0.20 19  9000 = 150
0.20 20  9000 = 149
0.20 21  9000 = 149
0.20 22  9000 = 149
0.20 23  9000 = 149
0.20 24  9000 = 149
0.20 25  9000 = 149
0.20 26  9000 = 149
0.20 27  9000 = 149
0.20 28  9000 = 149
0.20 29  9000 = 149
0.20 30  9000 = 149
0.20  1 10000 =  50
0.20  2 10000 = 100
0.20  3 10000 =  98
0.20  4 10000 = 100
0.20  5 10000 = 149
0.20  6 10000 = 150
0.20  7 10000 = 149
0.20  8 10000 =  99
0.20  9 10000 = 149
0.20 10 10000 = 150
0.20 11 10000 = 149
0.20 12 10000 = 149
0.20 13 10000 = 150
0.20 14 10000 = 149
0.20 15 10000 = 149
0.20 16 10000 = 149
0.20 17 10000 = 149
0.20 18 10000 = 149
0.20 19 10000 = 149
0.20 20 10000 = 149
0.20 21 10000 = 149
0.20 22 10000 = 149
0.20 23 10000 = 149
0.20 24 10000 = 149
0.20 25 10000 = 149
0.20 26 10000 = 149
0.20 27 10000 = 149
0.20 28 10000 = 149
0.20 29 10000 = 149
0.20 30 10000 = 149
0.20  1 11000 =  50
0.20  2 11000 = 112
0.20  3 11000 = 100
0.20  4 11000 = 100
0.20  5 11000 = 149
0.20  6 11000 = 149
0.20  7 11000 = 148
0.20  8 11000 = 149
0.20  9 11000 = 149
0.20 10 11000 = 149
0.20 11 11000 = 149
0.20 12 11000 = 150
0.20 13 11000 = 149
0.20 14 11000 = 149
0.20 15 11000 = 149
0.20 16 11000 = 149
0.20 17 11000 = 150
0.20 18 11000 = 149
0.20 19 11000 = 149
0.20 20 11000 = 149
0.20 21 11000 = 149
0.20 22 11000 = 149
0.20 23 11000 = 150
0.20 24 11000 = 149
0.20 25 11000 = 149
0.20 26 11000 = 149
0.20 27 11000 = 149
0.20 28 11000 = 149
0.20 29 11000 = 149
0.20 30 11000 = 149
0.20  1 12000 =  50
0.20  2 12000 = 112
0.20  3 12000 = 100
0.20  4 12000 = 148
0.20  5 12000 = 150
0.20  6 12000 = 150
0.20  7 12000 = 149
0.20  8 12000 = 149
0.20  9 12000 = 150
0.20 10 12000 = 149
0.20 11 12000 = 149
0.20 12 12000 = 149
0.20 13 12000 = 149
0.20 14 12000 = 149
0.20 15 12000 = 149
0.20 16 12000 = 149
0.20 17 12000 = 149
0.20 18 12000 = 149
0.20 19 12000 = 150
0.20 20 12000 = 149
0.20 21 12000 = 149
0.20 22 12000 = 149
0.20 23 12000 = 149
0.20 24 12000 = 149
0.20 25 12000 = 149
0.20 26 12000 = 149
0.20 27 12000 = 149
0.20 28 12000 = 149
0.20 29 12000 = 149
0.20 30 12000 = 149
0.20  1 13000 =  50
0.20  2 13000 =  98
0.20  3 13000 = 100
0.20  4 13000 = 148
0.20  5 13000 = 100
0.20  6 13000 = 150
0.20  7 13000 = 149
0.20  8 13000 = 149
0.20  9 13000 = 149
0.20 10 13000 = 149
0.20 11 13000 = 149
0.20 12 13000 = 149
0.20 13 13000 = 149
0.20 14 13000 = 149
0.20 15 13000 = 149
0.20 16 13000 = 149
0.20 17 13000 = 149
0.20 18 13000 = 150
0.20 19 13000 = 149
0.20 20 13000 = 149
0.20 21 13000 = 149
0.20 22 13000 = 149
0.20 23 13000 = 149
0.20 24 13000 = 149
0.20 25 13000 = 149
0.20 26 13000 = 149
0.20 27 13000 = 149
0.20 28 13000 = 149
0.20 29 13000 = 149
0.20 30 13000 = 149
0.20  1 14000 =  50
0.20  2 14000 = 100
0.20  3 14000 =  98
0.20  4 14000 =  98
0.20  5 14000 = 149
0.20  6 14000 = 150
0.20  7 14000 = 149
0.20  8 14000 = 148
0.20  9 14000 = 149
0.20 10 14000 = 149
0.20 11 14000 = 150
0.20 12 14000 = 149
0.20 13 14000 = 149
0.20 14 14000 = 149
0.20 15 14000 = 149
0.20 16 14000 = 150
0.20 17 14000 = 149
0.20 18 14000 = 149
0.20 19 14000 = 149
0.20 20 14000 = 149
0.20 21 14000 = 150
0.20 22 14000 = 149
0.20 23 14000 = 149
0.20 24 14000 = 149
0.20 25 14000 = 149
0.20 26 14000 = 149
0.20 27 14000 = 149
0.20 28 14000 = 149
0.20 29 14000 = 149
0.20 30 14000 = 149
0.20  1 15000 =  50
0.20  2 15000 =  50
0.20  3 15000 = 100
0.20  4 15000 = 100
0.20  5 15000 = 150
0.20  6 15000 = 147
0.20  7 15000 = 149
0.20  8 15000 = 149
0.20  9 15000 = 149
0.20 10 15000 = 150
0.20 11 15000 = 150
0.20 12 15000 = 149
0.20 13 15000 = 149
0.20 14 15000 = 149
0.20 15 15000 = 149
0.20 16 15000 = 149
0.20 17 15000 = 149
0.20 18 15000 = 149
0.20 19 15000 = 149
0.20 20 15000 = 149
0.20 21 15000 = 149
0.20 22 15000 = 149
0.20 23 15000 = 149
0.20 24 15000 = 149
0.20 25 15000 = 149
0.20 26 15000 = 149
0.20 27 15000 = 149
0.20 28 15000 = 149
0.20 29 15000 = 149
0.20 30 15000 = 149
0.25  1  1000 =  50
0.25  2  1000 =  50
0.25  3  1000 =  97
0.25  4  1000 = 100
0.25  5  1000 = 148
0.25  6  1000 = 147
0.25  7  1000 = 148
0.25  8  1000 = 148
0.25  9  1000 = 148
0.25 10  1000 = 148
0.25 11  1000 = 148
0.25 12  1000 = 148
0.25 13  1000 = 148
0.25 14  1000 = 148
0.25 15  1000 = 148
0.25 16  1000 = 148
0.25 17  1000 = 148
0.25 18  1000 = 148
0.25 19  1000 = 148
0.25 20  1000 = 148
0.25 21  1000 = 148
0.25 22  1000 = 148
0.25 23  1000 = 148
0.25 24  1000 = 148
0.25 25  1000 = 148
0.25 26  1000 = 148
0.25 27  1000 = 148
0.25 28  1000 = 148
0.25 29  1000 = 148
0.25 30  1000 = 148
0.25  1  2000 =  50
0.25  2  2000 = 147
0.25  3  2000 = 100
0.25  4  2000 = 100
0.25  5  2000 = 100
0.25  6  2000 = 149
0.25  7  2000 = 148
0.25  8  2000 = 148
0.25  9  2000 = 148
0.25 10  2000 = 149
0.25 11  2000 = 149
0.25 12  2000 = 149
0.25 13  2000 = 148
0.25 14  2000 = 148
0.25 15  2000 = 148
0.25 16  2000 = 148
0.25 17  2000 = 149
0.25 18  2000 = 148
0.25 19  2000 = 149
0.25 20  2000 = 148
0.25 21  2000 = 148
0.25 22  2000 = 148
0.25 23  2000 = 148
0.25 24  2000 = 148
0.25 25  2000 = 148
0.25 26  2000 = 148
0.25 27  2000 = 148
0.25 28  2000 = 148
0.25 29  2000 = 148
0.25 30  2000 = 148
0.25  1  3000 =  50
0.25  2  3000 = 100
0.25  3  3000 = 100
0.25  4  3000 = 100
0.25  5  3000 = 148
0.25  6  3000 =  98
0.25  7  3000 = 149
0.25  8  3000 = 149
0.25  9  3000 = 149
0.25 10  3000 = 149
0.25 11  3000 = 149
0.25 12  3000 = 149
0.25 13  3000 = 148
0.25 14  3000 = 149
0.25 15  3000 = 148
0.25 16  3000 = 148
0.25 17  3000 = 149
0.25 18  3000 = 148
0.25 19  3000 = 148
0.25 20  3000 = 149
0.25 21  3000 = 148
0.25 22  3000 = 148
0.25 23  3000 = 149
0.25 24  3000 = 148
0.25 25  3000 = 148
0.25 26  3000 = 148
0.25 27  3000 = 149
0.25 28  3000 = 148
0.25 29  3000 = 148
0.25 30  3000 = 148
0.25  1  4000 =  50
0.25  2  4000 =  97
0.25  3  4000 =  98
0.25  4  4000 = 100
0.25  5  4000 = 148
0.25  6  4000 = 149
0.25  7  4000 = 149
0.25  8  4000 = 149
0.25  9  4000 = 149
0.25 10  4000 = 149
0.25 11  4000 = 149
0.25 12  4000 = 149
0.25 13  4000 = 149
0.25 14  4000 = 148
0.25 15  4000 = 148
0.25 16  4000 = 148
0.25 17  4000 = 149
0.25 18  4000 = 148
0.25 19  4000 = 148
0.25 20  4000 = 148
0.25 21  4000 = 148
0.25 22  4000 = 149
0.25 23  4000 = 149
0.25 24  4000 = 149
0.25 25  4000 = 148
0.25 26  4000 = 148
0.25 27  4000 = 149
0.25 28  4000 = 148
0.25 29  4000 = 149
0.25 30  4000 = 148
0.25  1  5000 =  50
0.25  2  5000 = 100
0.25  3  5000 = 100
0.25  4  5000 = 147
0.25  5  5000 = 100
0.25  6  5000 = 149
0.25  7  5000 = 149
0.25  8  5000 = 148
0.25  9  5000 = 149
0.25 10  5000 = 149
0.25 11  5000 = 149
0.25 12  5000 = 149
0.25 13  5000 = 148
0.25 14  5000 = 149
0.25 15  5000 = 149
0.25 16  5000 = 149
0.25 17  5000 = 149
0.25 18  5000 = 148
0.25 19  5000 = 150
0.25 20  5000 = 148
0.25 21  5000 = 149
0.25 22  5000 = 149
0.25 23  5000 = 148
0.25 24  5000 = 148
0.25 25  5000 = 149
0.25 26  5000 = 149
0.25 27  5000 = 148
0.25 28  5000 = 148
0.25 29  5000 = 148
0.25 30  5000 = 149
0.25  1  6000 =  50
0.25  2  6000 = 100
0.25  3  6000 = 100
0.25  4  6000 = 148
0.25  5  6000 = 148
0.25  6  6000 = 149
0.25  7  6000 = 148
0.25  8  6000 = 148
0.25  9  6000 = 149
0.25 10  6000 = 148
0.25 11  6000 = 149
0.25 12  6000 = 149
0.25 13  6000 = 149
0.25 14  6000 = 148
0.25 15  6000 = 149
0.25 16  6000 = 148
0.25 17  6000 = 149
0.25 18  6000 = 149
0.25 19  6000 = 149
0.25 20  6000 = 149
0.25 21  6000 = 150
0.25 22  6000 = 149
0.25 23  6000 = 149
0.25 24  6000 = 149
0.25 25  6000 = 148
0.25 26  6000 = 148
0.25 27  6000 = 149
0.25 28  6000 = 149
0.25 29  6000 = 148
0.25 30  6000 = 148
0.25  1  7000 =  50
0.25  2  7000 =  98
0.25  3  7000 = 100
0.25  4  7000 =  98
0.25  5  7000 = 148
0.25  6  7000 = 149
0.25  7  7000 = 149
0.25  8  7000 = 148
0.25  9  7000 = 149
0.25 10  7000 = 149
0.25 11  7000 = 149
0.25 12  7000 = 149
0.25 13  7000 = 149
0.25 14  7000 = 149
0.25 15  7000 = 149
0.25 16  7000 = 149
0.25 17  7000 = 149
0.25 18  7000 = 149
0.25 19  7000 = 149
0.25 20  7000 = 149
0.25 21  7000 = 149
0.25 22  7000 = 149
0.25 23  7000 = 149
0.25 24  7000 = 149
0.25 25  7000 = 149
0.25 26  7000 = 148
0.25 27  7000 = 149
0.25 28  7000 = 149
0.25 29  7000 = 149
0.25 30  7000 = 149
0.25  1  8000 =  51
0.25  2  8000 = 100
0.25  3  8000 = 100
0.25  4  8000 = 100
0.25  5  8000 = 100
0.25  6  8000 = 149
0.25  7  8000 = 150
0.25  8  8000 = 149
0.25  9  8000 = 149
0.25 10  8000 = 149
0.25 11  8000 = 149
0.25 12  8000 = 149
0.25 13  8000 = 149
0.25 14  8000 = 149
0.25 15  8000 = 149
0.25 16  8000 = 149
0.25 17  8000 = 150
0.25 18  8000 = 149
0.25 19  8000 = 149
0.25 20  8000 = 148
0.25 21  8000 = 149
0.25 22  8000 = 149
0.25 23  8000 = 149
0.25 24  8000 = 149
0.25 25  8000 = 149
0.25 26  8000 = 149
0.25 27  8000 = 149
0.25 28  8000 = 149
0.25 29  8000 = 149
0.25 30  8000 = 149
0.25  1  9000 =  50
0.25  2  9000 = 148
0.25  3  9000 = 100
0.25  4  9000 = 100
0.25  5  9000 =  50
0.25  6  9000 = 149
0.25  7  9000 = 150
0.25  8  9000 = 149
0.25  9  9000 = 149
0.25 10  9000 = 150
0.25 11  9000 = 149
0.25 12  9000 = 149
0.25 13  9000 = 149
0.25 14  9000 = 148
0.25 15  9000 = 149
0.25 16  9000 = 149
0.25 17  9000 = 149
0.25 18  9000 = 150
0.25 19  9000 = 149
0.25 20  9000 = 149
0.25 21  9000 = 149
0.25 22  9000 = 149
0.25 23  9000 = 149
0.25 24  9000 = 149
0.25 25  9000 = 149
0.25 26  9000 = 149
0.25 27  9000 = 149
0.25 28  9000 = 149
0.25 29  9000 = 149
0.25 30  9000 = 149
0.25  1 10000 =  50
0.25  2 10000 =  62
0.25  3 10000 =  98
0.25  4 10000 = 100
0.25  5 10000 = 148
0.25  6 10000 = 148
0.25  7 10000 = 148
0.25  8 10000 = 149
0.25  9 10000 = 150
0.25 10 10000 = 149
0.25 11 10000 = 149
0.25 12 10000 = 149
0.25 13 10000 = 149
0.25 14 10000 = 149
0.25 15 10000 = 149
0.25 16 10000 = 149
0.25 17 10000 = 149
0.25 18 10000 = 149
0.25 19 10000 = 149
0.25 20 10000 = 149
0.25 21 10000 = 149
0.25 22 10000 = 149
0.25 23 10000 = 149
0.25 24 10000 = 149
0.25 25 10000 = 149
0.25 26 10000 = 149
0.25 27 10000 = 149
0.25 28 10000 = 149
0.25 29 10000 = 149
0.25 30 10000 = 149
0.25  1 11000 =  50
0.25  2 11000 = 100
0.25  3 11000 =  98
0.25  4 11000 = 100
0.25  5 11000 = 148
0.25  6 11000 = 150
0.25  7 11000 = 150
0.25  8 11000 = 150
0.25  9 11000 = 149
0.25 10 11000 = 149
0.25 11 11000 = 149
0.25 12 11000 = 150
0.25 13 11000 = 149
0.25 14 11000 = 149
0.25 15 11000 = 149
0.25 16 11000 = 150
0.25 17 11000 = 149
0.25 18 11000 = 149
0.25 19 11000 = 149
0.25 20 11000 = 149
0.25 21 11000 = 149
0.25 22 11000 = 149
0.25 23 11000 = 149
0.25 24 11000 = 149
0.25 25 11000 = 149
0.25 26 11000 = 149
0.25 27 11000 = 150
0.25 28 11000 = 149
0.25 29 11000 = 149
0.25 30 11000 = 149
0.25  1 12000 =  50
0.25  2 12000 = 100
0.25  3 12000 =  98
0.25  4 12000 = 100
0.25  5 12000 = 148
0.25  6 12000 = 100
0.25  7 12000 = 148
0.25  8 12000 = 149
0.25  9 12000 = 149
0.25 10 12000 = 150
0.25 11 12000 = 149
0.25 12 12000 = 149
0.25 13 12000 = 149
0.25 14 12000 = 149
0.25 15 12000 = 150
0.25 16 12000 = 149
0.25 17 12000 = 149
0.25 18 12000 = 149
0.25 19 12000 = 149
0.25 20 12000 = 149
0.25 21 12000 = 149
0.25 22 12000 = 149
0.25 23 12000 = 149
0.25 24 12000 = 149
0.25 25 12000 = 149
0.25 26 12000 = 149
0.25 27 12000 = 149
0.25 28 12000 = 149
0.25 29 12000 = 150
0.25 30 12000 = 149
0.25  1 13000 =  50
0.25  2 13000 = 102
0.25  3 13000 = 100
0.25  4 13000 = 139
0.25  5 13000 = 143
0.25  6 13000 = 149
0.25  7 13000 = 149
0.25  8 13000 = 149
0.25  9 13000 = 149
0.25 10 13000 = 150
0.25 11 13000 = 148
0.25 12 13000 = 149
0.25 13 13000 = 149
0.25 14 13000 = 150
0.25 15 13000 = 150
0.25 16 13000 = 149
0.25 17 13000 = 149
0.25 18 13000 = 149
0.25 19 13000 = 149
0.25 20 13000 = 149
0.25 21 13000 = 149
0.25 22 13000 = 149
0.25 23 13000 = 149
0.25 24 13000 = 149
0.25 25 13000 = 149
0.25 26 13000 = 149
0.25 27 13000 = 149
0.25 28 13000 = 149
0.25 29 13000 = 149
0.25 30 13000 = 149
0.25  1 14000 =  50
0.25  2 14000 = 100
0.25  3 14000 = 148
0.25  4 14000 = 148
0.25  5 14000 = 149
0.25  6 14000 = 149
0.25  7 14000 = 149
0.25  8 14000 = 149
0.25  9 14000 = 149
0.25 10 14000 = 150
0.25 11 14000 = 149
0.25 12 14000 = 149
0.25 13 14000 = 149
0.25 14 14000 = 149
0.25 15 14000 = 148
0.25 16 14000 = 149
0.25 17 14000 = 149
0.25 18 14000 = 149
0.25 19 14000 = 149
0.25 20 14000 = 149
0.25 21 14000 = 149
0.25 22 14000 = 149
0.25 23 14000 = 149
0.25 24 14000 = 149
0.25 25 14000 = 149
0.25 26 14000 = 149
0.25 27 14000 = 149
0.25 28 14000 = 149
0.25 29 14000 = 149
0.25 30 14000 = 149
0.25  1 15000 =  50
0.25  2 15000 = 118
0.25  3 15000 = 148
0.25  4 15000 =  98
0.25  5 15000 = 150
0.25  6 15000 = 148
0.25  7 15000 = 149
0.25  8 15000 = 149
0.25  9 15000 = 150
0.25 10 15000 = 149
0.25 11 15000 = 149
0.25 12 15000 = 150
0.25 13 15000 = 149
0.25 14 15000 = 149
0.25 15 15000 = 149
0.25 16 15000 = 149
0.25 17 15000 = 149
0.25 18 15000 = 149
0.25 19 15000 = 149
0.25 20 15000 = 149
0.25 21 15000 = 149
0.25 22 15000 = 149
0.25 23 15000 = 150
0.25 24 15000 = 149
0.25 25 15000 = 149
0.25 26 15000 = 149
0.25 27 15000 = 149
0.25 28 15000 = 149
0.25 29 15000 = 149
0.25 30 15000 = 149
0.30  1  1000 =  50
0.30  2  1000 =  98
0.30  3  1000 = 100
0.30  4  1000 =  98
0.30  5  1000 = 148
0.30  6  1000 = 148
0.30  7  1000 = 148
0.30  8  1000 = 148
0.30  9  1000 = 148
0.30 10  1000 = 148
0.30 11  1000 = 148
0.30 12  1000 = 148
0.30 13  1000 = 148
0.30 14  1000 = 148
0.30 15  1000 = 148
0.30 16  1000 = 148
0.30 17  1000 = 148
0.30 18  1000 = 148
0.30 19  1000 = 148
0.30 20  1000 = 148
0.30 21  1000 = 148
0.30 22  1000 = 148
0.30 23  1000 = 148
0.30 24  1000 = 148
0.30 25  1000 = 148
0.30 26  1000 = 148
0.30 27  1000 = 148
0.30 28  1000 = 148
0.30 29  1000 = 148
0.30 30  1000 = 148
0.30  1  2000 =  50
0.30  2  2000 = 100
0.30  3  2000 =  98
0.30  4  2000 = 148
0.30  5  2000 = 148
0.30  6  2000 = 148
0.30  7  2000 = 148
0.30  8  2000 = 148
0.30  9  2000 = 148
0.30 10  2000 = 149
0.30 11  2000 = 149
0.30 12  2000 = 148
0.30 13  2000 = 148
0.30 14  2000 = 148
0.30 15  2000 = 148
0.30 16  2000 = 148
0.30 17  2000 = 148
0.30 18  2000 = 148
0.30 19  2000 = 148
0.30 20  2000 = 149
0.30 21  2000 = 148
0.30 22  2000 = 148
0.30 23  2000 = 148
0.30 24  2000 = 148
0.30 25  2000 = 148
0.30 26  2000 = 148
0.30 27  2000 = 149
0.30 28  2000 = 148
0.30 29  2000 = 148
0.30 30  2000 = 148
0.30  1  3000 = 118
0.30  2  3000 =  98
0.30  3  3000 =  99
0.30  4  3000 =  98
0.30  5  3000 = 149
0.30  6  3000 = 149
0.30  7  3000 = 149
0.30  8  3000 = 148
0.30  9  3000 = 149
0.30 10  3000 = 148
0.30 11  3000 = 148
0.30 12  3000 = 149
0.30 13  3000 = 148
0.30 14  3000 = 149
0.30 15  3000 = 149
0.30 16  3000 = 149
0.30 17  3000 = 148
0.30 18  3000 = 148
0.30 19  3000 = 148
0.30 20  3000 = 148
0.30 21  3000 = 148
0.30 22  3000 = 149
0.30 23  3000 = 148
0.30 24  3000 = 149
0.30 25  3000 = 148
0.30 26  3000 = 149
0.30 27  3000 = 148
0.30 28  3000 = 148
0.30 29  3000 = 149
0.30 30  3000 = 148
0.30  1  4000 =  50
0.30  2  4000 = 148
0.30  3  4000 = 100
0.30  4  4000 = 147
0.30  5  4000 = 100
0.30  6  4000 = 149
0.30  7  4000 = 149
0.30  8  4000 = 148
0.30  9  4000 = 100
0.30 10  4000 = 149
0.30 11  4000 = 148
0.30 12  4000 = 149
0.30 13  4000 = 149
0.30 14  4000 = 149
0.30 15  4000 = 149
0.30 16  4000 = 148
0.30 17  4000 = 148
0.30 18  4000 = 148
0.30 19  4000 = 148
0.30 20  4000 = 149
0.30 21  4000 = 149
0.30 22  4000 = 149
0.30 23  4000 = 149
0.30 24  4000 = 149
0.30 25  4000 = 148
0.30 26  4000 = 148
0.30 27  4000 = 148
0.30 28  4000 = 148
0.30 29  4000 = 149
0.30 30  4000 = 149
0.30  1  5000 =  50
0.30  2  5000 =  50
0.30  3  5000 =  98
0.30  4  5000 = 100
0.30  5  5000 = 149
0.30  6  5000 = 150
0.30  7  5000 = 148
0.30  8  5000 = 149
0.30  9  5000 = 149
0.30 10  5000 = 149
0.30 11  5000 = 148
0.30 12  5000 = 149
0.30 13  5000 = 149
0.30 14  5000 = 149
0.30 15  5000 = 148
0.30 16  5000 = 149
0.30 17  5000 = 149
0.30 18  5000 = 149
0.30 19  5000 = 149
0.30 20  5000 = 149
0.30 21  5000 = 149
0.30 22  5000 = 149
0.30 23  5000 = 149
0.30 24  5000 = 149
0.30 25  5000 = 149
0.30 26  5000 = 149
0.30 27  5000 = 148
0.30 28  5000 = 148
0.30 29  5000 = 149
0.30 30  5000 = 149
0.30  1  6000 =  50
0.30  2  6000 = 100
0.30  3  6000 = 100
0.30  4  6000 = 100
0.30  5  6000 = 149
0.30  6  6000 = 149
0.30  7  6000 = 149
0.30  8  6000 = 149
0.30  9  6000 = 149
0.30 10  6000 = 149
0.30 11  6000 = 149
0.30 12  6000 = 149
0.30 13  6000 = 149
0.30 14  6000 = 150
0.30 15  6000 = 149
0.30 16  6000 = 149
0.30 17  6000 = 149
0.30 18  6000 = 149
0.30 19  6000 = 149
0.30 20  6000 = 149
0.30 21  6000 = 149
0.30 22  6000 = 149
0.30 23  6000 = 150
0.30 24  6000 = 149
0.30 25  6000 = 148
0.30 26  6000 = 149
0.30 27  6000 = 149
0.30 28  6000 = 149
0.30 29  6000 = 149
0.30 30  6000 = 148
0.30  1  7000 =  50
0.30  2  7000 = 101
0.30  3  7000 =  99
0.30  4  7000 = 149
0.30  5  7000 = 149
0.30  6  7000 = 149
0.30  7  7000 = 150
0.30  8  7000 = 149
0.30  9  7000 = 149
0.30 10  7000 = 150
0.30 11  7000 = 149
0.30 12  7000 = 149
0.30 13  7000 = 150
0.30 14  7000 = 150
0.30 15  7000 = 149
0.30 16  7000 = 149
0.30 17  7000 = 149
0.30 18  7000 = 149
0.30 19  7000 = 149
0.30 20  7000 = 149
0.30 21  7000 = 150
0.30 22  7000 = 149
0.30 23  7000 = 149
0.30 24  7000 = 149
0.30 25  7000 = 149
0.30 26  7000 = 149
0.30 27  7000 = 149
0.30 28  7000 = 149
0.30 29  7000 = 149
0.30 30  7000 = 149
0.30  1  8000 =  50
0.30  2  8000 =  98
0.30  3  8000 = 100
0.30  4  8000 =  99
0.30  5  8000 = 149
0.30  6  8000 = 149
0.30  7  8000 = 148
0.30  8  8000 = 150
0.30  9  8000 = 149
0.30 10  8000 = 149
0.30 11  8000 = 150
0.30 12  8000 = 150
0.30 13  8000 = 149
0.30 14  8000 = 149
0.30 15  8000 = 150
0.30 16  8000 = 149
0.30 17  8000 = 149
0.30 18  8000 = 149
0.30 19  8000 = 149
0.30 20  8000 = 149
0.30 21  8000 = 149
0.30 22  8000 = 149
0.30 23  8000 = 149
0.30 24  8000 = 149
0.30 25  8000 = 149
0.30 26  8000 = 149
0.30 27  8000 = 149
0.30 28  8000 = 149
0.30 29  8000 = 149
0.30 30  8000 = 149
0.30  1  9000 =  50
0.30  2  9000 =  97
0.30  3  9000 =  98
0.30  4  9000 = 145
0.30  5  9000 = 146
0.30  6  9000 = 149
0.30  7  9000 = 148
0.30  8  9000 = 150
0.30  9  9000 = 149
0.30 10  9000 = 150
0.30 11  9000 = 150
0.30 12  9000 = 149
0.30 13  9000 = 149
0.30 14  9000 = 149
0.30 15  9000 = 149
0.30 16  9000 = 149
0.30 17  9000 = 149
0.30 18  9000 = 149
0.30 19  9000 = 149
0.30 20  9000 = 149
0.30 21  9000 = 149
0.30 22  9000 = 149
0.30 23  9000 = 149
0.30 24  9000 = 149
0.30 25  9000 = 149
0.30 26  9000 = 149
0.30 27  9000 = 149
0.30 28  9000 = 149
0.30 29  9000 = 149
0.30 30  9000 = 149
0.30  1 10000 =  50
0.30  2 10000 =  98
0.30  3 10000 =  98
0.30  4 10000 = 100
0.30  5 10000 =  51
0.30  6 10000 = 149
0.30  7 10000 = 149
0.30  8 10000 = 149
0.30  9 10000 = 149
0.30 10 10000 = 149
0.30 11 10000 = 149
0.30 12 10000 = 149
0.30 13 10000 = 149
0.30 14 10000 = 149
0.30 15 10000 = 149
0.30 16 10000 = 149
0.30 17 10000 = 149
0.30 18 10000 = 150
0.30 19 10000 = 149
0.30 20 10000 = 149
0.30 21 10000 = 149
0.30 22 10000 = 149
0.30 23 10000 = 149
0.30 24 10000 = 149
0.30 25 10000 = 149
0.30 26 10000 = 149
0.30 27 10000 = 149
0.30 28 10000 = 149
0.30 29 10000 = 149
0.30 30 10000 = 149
0.30  1 11000 =  50
0.30  2 11000 = 100
0.30  3 11000 = 100
0.30  4 11000 =  98
0.30  5 11000 =  98
0.30  6 11000 = 100
0.30  7 11000 = 149
0.30  8 11000 = 149
0.30  9 11000 = 149
0.30 10 11000 = 149
0.30 11 11000 = 149
0.30 12 11000 = 149
0.30 13 11000 = 149
0.30 14 11000 = 149
0.30 15 11000 = 150
0.30 16 11000 = 150
0.30 17 11000 = 149
0.30 18 11000 = 149
0.30 19 11000 = 149
0.30 20 11000 = 149
0.30 21 11000 = 149
0.30 22 11000 = 149
0.30 23 11000 = 149
0.30 24 11000 = 149
0.30 25 11000 = 149
0.30 26 11000 = 149
0.30 27 11000 = 149
0.30 28 11000 = 149
0.30 29 11000 = 149
0.30 30 11000 = 149
0.30  1 12000 =  50
0.30  2 12000 = 100
0.30  3 12000 =  99
0.30  4 12000 =  98
0.30  5 12000 = 100
0.30  6 12000 = 149
0.30  7 12000 = 150
0.30  8 12000 = 149
0.30  9 12000 = 148
0.30 10 12000 = 149
0.30 11 12000 = 149
0.30 12 12000 = 150
0.30 13 12000 = 149
0.30 14 12000 = 150
0.30 15 12000 = 149
0.30 16 12000 = 149
0.30 17 12000 = 149
0.30 18 12000 = 149
0.30 19 12000 = 149
0.30 20 12000 = 149
0.30 21 12000 = 150
0.30 22 12000 = 149
0.30 23 12000 = 149
0.30 24 12000 = 149
0.30 25 12000 = 150
0.30 26 12000 = 149
0.30 27 12000 = 149
0.30 28 12000 = 149
0.30 29 12000 = 150
0.30 30 12000 = 149
0.30  1 13000 =  50
0.30  2 13000 =  98
0.30  3 13000 = 100
0.30  4 13000 = 100
0.30  5 13000 = 149
0.30  6 13000 = 149
0.30  7 13000 = 148
0.30  8 13000 = 149
0.30  9 13000 = 150
0.30 10 13000 = 149
0.30 11 13000 = 149
0.30 12 13000 = 150
0.30 13 13000 = 149
0.30 14 13000 = 149
0.30 15 13000 = 150
0.30 16 13000 = 150
0.30 17 13000 = 149
0.30 18 13000 = 149
0.30 19 13000 = 149
0.30 20 13000 = 149
0.30 21 13000 = 149
0.30 22 13000 = 149
0.30 23 13000 = 149
0.30 24 13000 = 149
0.30 25 13000 = 149
0.30 26 13000 = 149
0.30 27 13000 = 149
0.30 28 13000 = 149
0.30 29 13000 = 149
0.30 30 13000 = 149
0.30  1 14000 =  50
0.30  2 14000 =  98
0.30  3 14000 =  98
0.30  4 14000 = 100
0.30  5 14000 = 100
0.30  6 14000 = 148
0.30  7 14000 = 150
0.30  8 14000 = 149
0.30  9 14000 = 150
0.30 10 14000 = 150
0.30 11 14000 = 149
0.30 12 14000 = 149
0.30 13 14000 = 149
0.30 14 14000 = 149
0.30 15 14000 = 149
0.30 16 14000 = 149
0.30 17 14000 = 149
0.30 18 14000 = 149
0.30 19 14000 = 149
0.30 20 14000 = 149
0.30 21 14000 = 149
0.30 22 14000 = 149
0.30 23 14000 = 149
0.30 24 14000 = 149
0.30 25 14000 = 149
0.30 26 14000 = 149
0.30 27 14000 = 149
0.30 28 14000 = 149
0.30 29 14000 = 149
0.30 30 14000 = 150
0.30  1 15000 =  50
0.30  2 15000 =  98
0.30  3 15000 =  99
0.30  4 15000 = 100
0.30  5 15000 = 148
0.30  6 15000 = 150
0.30  7 15000 = 149
0.30  8 15000 = 149
0.30  9 15000 = 149
0.30 10 15000 = 150
0.30 11 15000 = 149
0.30 12 15000 = 149
0.30 13 15000 = 150
0.30 14 15000 = 149
0.30 15 15000 = 149
0.30 16 15000 = 150
0.30 17 15000 = 150
0.30 18 15000 = 149
0.30 19 15000 = 149
0.30 20 15000 = 149
0.30 21 15000 = 149
0.30 22 15000 = 149
0.30 23 15000 = 149
0.30 24 15000 = 149
0.30 25 15000 = 149
0.30 26 15000 = 149
0.30 27 15000 = 149
0.30 28 15000 = 149
0.30 29 15000 = 149
0.30 30 15000 = 149
Finish Mon Nov 21 22:57:14 ICT 2016
Maksimum : 0.30 17 15000 = 150 dari 150
