Learning rate, number of hidden neuron, number of epoch = correct answer
Start Tue Nov 22 16:21:46 ICT 2016
0.05  5  5000 = 270
0.05  5  6000 = 294
0.05  5  7000 = 234
0.05  5  8000 = 267
0.05  5  9000 = 284
0.05  5 10000 = 268
0.05  5 11000 = 275
0.05  5 12000 = 266
0.05  5 13000 = 274
0.05  5 14000 = 272
0.05  5 15000 = 280
0.05  6  5000 = 265
0.05  6  6000 = 281
0.05  6  7000 = 280
0.05  6  8000 = 268
0.05  6  9000 = 287
0.05  6 10000 = 267
0.05  6 11000 = 256
0.05  6 12000 = 288
0.05  6 13000 = 266
0.05  6 14000 = 277
0.05  6 15000 = 263
0.05  7  5000 = 256
0.05  7  6000 = 272
0.05  7  7000 = 263
0.05  7  8000 = 253
0.05  7  9000 = 241
0.05  7 10000 = 277
0.05  7 11000 = 279
0.05  7 12000 = 271
0.05  7 13000 = 270
0.05  7 14000 = 273
0.05  7 15000 = 225
0.05  8  5000 = 297
0.05  8  6000 = 278
0.05  8  7000 = 247
0.05  8  8000 = 255
0.05  8  9000 = 264
0.05  8 10000 = 261
0.05  8 11000 = 235
0.05  8 12000 = 269
0.05  8 13000 = 283
0.05  8 14000 = 277
0.05  8 15000 = 263
0.05  9  5000 = 283
0.05  9  6000 = 284
0.05  9  7000 = 242
0.05  9  8000 = 257
0.05  9  9000 = 275
0.05  9 10000 = 272
0.05  9 11000 = 267
0.05  9 12000 = 248
0.05  9 13000 = 273
0.05  9 14000 = 221
0.05  9 15000 = 284
0.05 10  5000 = 284
0.05 10  6000 = 260
0.05 10  7000 = 279
0.05 10  8000 = 286
0.05 10  9000 = 253
0.05 10 10000 = 256
0.05 10 11000 = 283
0.05 10 12000 = 279
0.05 10 13000 = 252
0.05 10 14000 = 274
0.05 10 15000 = 239
0.05 11  5000 = 256
0.05 11  6000 = 267
0.05 11  7000 = 286
0.05 11  8000 = 287
0.05 11  9000 = 260
0.05 11 10000 = 249
0.05 11 11000 = 255
0.05 11 12000 = 244
0.05 11 13000 = 262
0.05 11 14000 = 292
0.05 11 15000 = 258
0.05 12  5000 = 265
0.05 12  6000 = 255
0.05 12  7000 = 267
0.05 12  8000 = 285
0.05 12  9000 = 263
0.05 12 10000 = 296
0.05 12 11000 = 276
0.05 12 12000 = 287
0.05 12 13000 = 254
0.05 12 14000 = 300
0.05 12 15000 = 231
0.05 13  5000 = 274
0.05 13  6000 = 283
0.05 13  7000 = 279
0.05 13  8000 = 258
0.05 13  9000 = 278
0.05 13 10000 = 257
0.05 13 11000 = 279
0.05 13 12000 = 273
0.05 13 13000 = 250
0.05 13 14000 = 276
0.05 13 15000 = 270
0.05 14  5000 = 269
0.05 14  6000 = 305
0.05 14  7000 = 304
0.05 14  8000 = 291
0.05 14  9000 = 264
0.05 14 10000 = 277
0.05 14 11000 = 269
0.05 14 12000 = 278
0.05 14 13000 = 295
0.05 14 14000 = 277
0.05 14 15000 = 269
0.05 15  5000 = 285
0.05 15  6000 = 287
0.05 15  7000 = 280
0.05 15  8000 = 281
0.05 15  9000 = 242
0.05 15 10000 = 290
0.05 15 11000 = 259
0.05 15 12000 = 286
0.05 15 13000 = 266
0.05 15 14000 = 285
0.05 15 15000 = 301
0.05 16  5000 = 282
0.05 16  6000 = 265
0.05 16  7000 = 278
0.05 16  8000 = 279
0.05 16  9000 = 269
0.05 16 10000 = 274
0.05 16 11000 = 298
0.05 16 12000 = 280
0.05 16 13000 = 276
0.05 16 14000 = 290
0.05 16 15000 = 282
0.05 17  5000 = 293
0.05 17  6000 = 253
0.05 17  7000 = 277
0.05 17  8000 = 288
0.05 17  9000 = 277
0.05 17 10000 = 302
0.05 17 11000 = 272
0.05 17 12000 = 287
0.05 17 13000 = 290
0.05 17 14000 = 269
0.05 17 15000 = 289
0.05 18  5000 = 275
0.05 18  6000 = 295
0.05 18  7000 = 265
0.05 18  8000 = 302
0.05 18  9000 = 289
0.05 18 10000 = 269
0.05 18 11000 = 293
0.05 18 12000 = 280
0.05 18 13000 = 275
0.05 18 14000 = 284
0.05 18 15000 = 314
0.05 19  5000 = 288
0.05 19  6000 = 278
0.05 19  7000 = 283
0.05 19  8000 = 292
0.05 19  9000 = 291
0.05 19 10000 = 306
0.05 19 11000 = 291
0.05 19 12000 = 254
0.05 19 13000 = 307
0.05 19 14000 = 282
0.05 19 15000 = 298
0.05 20  5000 = 277
0.05 20  6000 = 281
0.05 20  7000 = 303
0.05 20  8000 = 315
0.05 20  9000 = 304
0.05 20 10000 = 309
0.05 20 11000 = 286
0.05 20 12000 = 308
0.05 20 13000 = 292
0.05 20 14000 = 277
0.05 20 15000 = 249
0.05 21  5000 = 304
0.05 21  6000 = 296
0.05 21  7000 = 297
0.05 21  8000 = 300
0.05 21  9000 = 305
0.05 21 10000 = 305
0.05 21 11000 = 269
0.05 21 12000 = 300
0.05 21 13000 = 286
0.05 21 14000 = 299
0.05 21 15000 = 284
0.05 22  5000 = 303
0.05 22  6000 = 293
0.05 22  7000 = 287
0.05 22  8000 = 306
0.05 22  9000 = 282
0.05 22 10000 = 293
0.05 22 11000 = 295
0.05 22 12000 = 289
0.05 22 13000 = 299
0.05 22 14000 = 292
0.05 22 15000 = 288
0.05 23  5000 = 302
0.05 23  6000 = 297
0.05 23  7000 = 315
0.05 23  8000 = 280
0.05 23  9000 = 286
0.05 23 10000 = 308
0.05 23 11000 = 290
0.05 23 12000 = 264
0.05 23 13000 = 299
0.05 23 14000 = 283
0.05 23 15000 = 278
0.05 24  5000 = 289
0.05 24  6000 = 310
0.05 24  7000 = 293
0.05 24  8000 = 289
0.05 24  9000 = 310
0.05 24 10000 = 297
0.05 24 11000 = 293
0.05 24 12000 = 297
0.05 24 13000 = 296
0.05 24 14000 = 282
0.05 24 15000 = 307
0.05 25  5000 = 319
0.05 25  6000 = 291
0.05 25  7000 = 286
0.05 25  8000 = 291
0.05 25  9000 = 284
0.05 25 10000 = 292
0.05 25 11000 = 316
0.05 25 12000 = 291
0.05 25 13000 = 295
0.05 25 14000 = 280
0.05 25 15000 = 284
0.10  5  5000 = 284
0.10  5  6000 = 282
0.10  5  7000 = 285
0.10  5  8000 = 266
0.10  5  9000 = 277
0.10  5 10000 = 268
0.10  5 11000 = 278
0.10  5 12000 = 278
0.10  5 13000 = 280
0.10  5 14000 = 246
0.10  5 15000 = 273
0.10  6  5000 = 271
0.10  6  6000 = 276
0.10  6  7000 = 271
0.10  6  8000 = 237
0.10  6  9000 = 268
0.10  6 10000 = 265
0.10  6 11000 = 266
0.10  6 12000 = 286
0.10  6 13000 = 261
0.10  6 14000 = 279
0.10  6 15000 = 279
0.10  7  5000 = 274
0.10  7  6000 = 284
0.10  7  7000 = 284
0.10  7  8000 = 281
0.10  7  9000 = 239
0.10  7 10000 = 277
0.10  7 11000 = 274
0.10  7 12000 = 271
0.10  7 13000 = 275
0.10  7 14000 = 262
0.10  7 15000 = 269
0.10  8  5000 = 260
0.10  8  6000 = 278
0.10  8  7000 = 233
0.10  8  8000 = 271
0.10  8  9000 = 265
0.10  8 10000 = 211
0.10  8 11000 = 275
0.10  8 12000 = 268
0.10  8 13000 = 265
0.10  8 14000 = 277
0.10  8 15000 = 247
0.10  9  5000 = 287
0.10  9  6000 = 272
0.10  9  7000 = 283
0.10  9  8000 = 273
0.10  9  9000 = 271
0.10  9 10000 = 286
0.10  9 11000 = 269
0.10  9 12000 = 268
0.10  9 13000 = 275
0.10  9 14000 = 238
0.10  9 15000 = 269
0.10 10  5000 = 269
0.10 10  6000 = 263
0.10 10  7000 = 271
0.10 10  8000 = 286
0.10 10  9000 = 264
0.10 10 10000 = 265
0.10 10 11000 = 246
0.10 10 12000 = 264
0.10 10 13000 = 276
0.10 10 14000 = 254
0.10 10 15000 = 262
0.10 11  5000 = 277
0.10 11  6000 = 272
0.10 11  7000 = 271
0.10 11  8000 = 268
0.10 11  9000 = 263
0.10 11 10000 = 273
0.10 11 11000 = 256
0.10 11 12000 = 248
0.10 11 13000 = 283
0.10 11 14000 = 221
0.10 11 15000 = 259
0.10 12  5000 = 285
0.10 12  6000 = 253
0.10 12  7000 = 251
0.10 12  8000 = 287
0.10 12  9000 = 254
0.10 12 10000 = 263
0.10 12 11000 = 255
0.10 12 12000 = 278
0.10 12 13000 = 251
0.10 12 14000 = 293
0.10 12 15000 = 289
0.10 13  5000 = 294
0.10 13  6000 = 290
0.10 13  7000 = 278
0.10 13  8000 = 276
0.10 13  9000 = 277
0.10 13 10000 = 270
0.10 13 11000 = 283
0.10 13 12000 = 266
0.10 13 13000 = 286
0.10 13 14000 = 263
0.10 13 15000 = 268
0.10 14  5000 = 298
0.10 14  6000 = 268
0.10 14  7000 = 301
0.10 14  8000 = 277
0.10 14  9000 = 299
0.10 14 10000 = 282
0.10 14 11000 = 260
0.10 14 12000 = 266
0.10 14 13000 = 252
0.10 14 14000 = 270
0.10 14 15000 = 247
0.10 15  5000 = 282
0.10 15  6000 = 276
0.10 15  7000 = 267
0.10 15  8000 = 259
0.10 15  9000 = 279
0.10 15 10000 = 278
0.10 15 11000 = 264
0.10 15 12000 = 276
0.10 15 13000 = 279
0.10 15 14000 = 264
0.10 15 15000 = 256
0.10 16  5000 = 294
0.10 16  6000 = 278
0.10 16  7000 = 282
0.10 16  8000 = 284
0.10 16  9000 = 287
0.10 16 10000 = 290
0.10 16 11000 = 286
0.10 16 12000 = 247
0.10 16 13000 = 295
0.10 16 14000 = 272
0.10 16 15000 = 278
0.10 17  5000 = 280
0.10 17  6000 = 307
0.10 17  7000 = 272
0.10 17  8000 = 271
0.10 17  9000 = 295
0.10 17 10000 = 309
0.10 17 11000 = 275
0.10 17 12000 = 295
0.10 17 13000 = 286
0.10 17 14000 = 276
0.10 17 15000 = 282
0.10 18  5000 = 283
0.10 18  6000 = 277
0.10 18  7000 = 282
0.10 18  8000 = 298
0.10 18  9000 = 295
0.10 18 10000 = 282
0.10 18 11000 = 266
0.10 18 12000 = 275
0.10 18 13000 = 289
0.10 18 14000 = 270
0.10 18 15000 = 292
0.10 19  5000 = 281
0.10 19  6000 = 290
0.10 19  7000 = 289
0.10 19  8000 = 287
0.10 19  9000 = 291
0.10 19 10000 = 296
0.10 19 11000 = 286
0.10 19 12000 = 285
0.10 19 13000 = 301
0.10 19 14000 = 282
0.10 19 15000 = 284
0.10 20  5000 = 286
0.10 20  6000 = 281
0.10 20  7000 = 276
0.10 20  8000 = 269
0.10 20  9000 = 303
0.10 20 10000 = 251
0.10 20 11000 = 303
0.10 20 12000 = 285
0.10 20 13000 = 282
0.10 20 14000 = 292
0.10 20 15000 = 305
0.10 21  5000 = 269
0.10 21  6000 = 294
0.10 21  7000 = 280
0.10 21  8000 = 296
0.10 21  9000 = 285
0.10 21 10000 = 291
0.10 21 11000 = 297
0.10 21 12000 = 289
0.10 21 13000 = 289
0.10 21 14000 = 291
0.10 21 15000 = 308
0.10 22  5000 = 313
0.10 22  6000 = 279
0.10 22  7000 = 296
0.10 22  8000 = 280
0.10 22  9000 = 275
0.10 22 10000 = 287
0.10 22 11000 = 299
0.10 22 12000 = 286
0.10 22 13000 = 286
0.10 22 14000 = 311
0.10 22 15000 = 295
0.10 23  5000 = 278
0.10 23  6000 = 295
0.10 23  7000 = 302
0.10 23  8000 = 276
0.10 23  9000 = 296
0.10 23 10000 = 300
0.10 23 11000 = 297
0.10 23 12000 = 299
0.10 23 13000 = 287
0.10 23 14000 = 294
0.10 23 15000 = 305
0.10 24  5000 = 306
0.10 24  6000 = 292
0.10 24  7000 = 277
0.10 24  8000 = 290
0.10 24  9000 = 294
0.10 24 10000 = 305
0.10 24 11000 = 289
0.10 24 12000 = 275
0.10 24 13000 = 292
0.10 24 14000 = 299
0.10 24 15000 = 265
0.10 25  5000 = 293
0.10 25  6000 = 296
0.10 25  7000 = 323
0.10 25  8000 = 307
0.10 25  9000 = 297
0.10 25 10000 = 295
0.10 25 11000 = 298
0.10 25 12000 = 294
0.10 25 13000 = 304
0.10 25 14000 = 306
0.10 25 15000 = 297
0.15  5  5000 = 256
0.15  5  6000 = 195
0.15  5  7000 = 275
0.15  5  8000 = 269
0.15  5  9000 = 279
0.15  5 10000 = 281
0.15  5 11000 = 272
0.15  5 12000 = 231
0.15  5 13000 = 278
0.15  5 14000 = 251
0.15  5 15000 = 279
0.15  6  5000 = 272
0.15  6  6000 = 272
0.15  6  7000 = 283
0.15  6  8000 = 261
0.15  6  9000 = 251
0.15  6 10000 = 269
0.15  6 11000 = 259
0.15  6 12000 = 275
0.15  6 13000 = 279
0.15  6 14000 = 283
0.15  6 15000 = 278
0.15  7  5000 = 258
0.15  7  6000 = 228
0.15  7  7000 = 272
0.15  7  8000 = 266
0.15  7  9000 = 285
0.15  7 10000 = 266
0.15  7 11000 = 265
0.15  7 12000 = 255
0.15  7 13000 = 273
0.15  7 14000 = 281
0.15  7 15000 = 288
0.15  8  5000 = 180
0.15  8  6000 = 268
0.15  8  7000 = 251
0.15  8  8000 = 283
0.15  8  9000 = 284
0.15  8 10000 = 274
0.15  8 11000 = 260
0.15  8 12000 = 274
0.15  8 13000 = 285
0.15  8 14000 = 288
0.15  8 15000 = 282
0.15  9  5000 = 276
0.15  9  6000 = 284
0.15  9  7000 = 281
0.15  9  8000 = 287
0.15  9  9000 = 236
0.15  9 10000 = 266
0.15  9 11000 = 261
0.15  9 12000 = 271
0.15  9 13000 = 282
0.15  9 14000 = 281
0.15  9 15000 = 280
0.15 10  5000 = 232
0.15 10  6000 = 287
0.15 10  7000 = 301
0.15 10  8000 = 237
0.15 10  9000 = 262
0.15 10 10000 = 289
0.15 10 11000 = 245
0.15 10 12000 = 264
0.15 10 13000 = 274
0.15 10 14000 = 256
0.15 10 15000 = 270
0.15 11  5000 = 268
0.15 11  6000 = 284
0.15 11  7000 = 275
0.15 11  8000 = 275
0.15 11  9000 = 280
0.15 11 10000 = 288
0.15 11 11000 = 253
0.15 11 12000 = 242
0.15 11 13000 = 266
0.15 11 14000 = 239
0.15 11 15000 = 234
0.15 12  5000 = 253
0.15 12  6000 = 265
0.15 12  7000 = 209
0.15 12  8000 = 280
0.15 12  9000 = 277
0.15 12 10000 = 287
0.15 12 11000 = 282
0.15 12 12000 = 300
0.15 12 13000 = 249
0.15 12 14000 = 292
0.15 12 15000 = 270
0.15 13  5000 = 279
0.15 13  6000 = 292
0.15 13  7000 = 289
0.15 13  8000 = 273
0.15 13  9000 = 276
0.15 13 10000 = 293
0.15 13 11000 = 276
0.15 13 12000 = 265
0.15 13 13000 = 268
0.15 13 14000 = 281
0.15 13 15000 = 288
0.15 14  5000 = 285
0.15 14  6000 = 260
0.15 14  7000 = 296
0.15 14  8000 = 282
0.15 14  9000 = 279
0.15 14 10000 = 298
0.15 14 11000 = 260
0.15 14 12000 = 284
0.15 14 13000 = 260
0.15 14 14000 = 260
0.15 14 15000 = 275
0.15 15  5000 = 271
0.15 15  6000 = 295
0.15 15  7000 = 293
0.15 15  8000 = 291
0.15 15  9000 = 295
0.15 15 10000 = 282
0.15 15 11000 = 275
0.15 15 12000 = 259
0.15 15 13000 = 289
0.15 15 14000 = 292
0.15 15 15000 = 265
0.15 16  5000 = 253
0.15 16  6000 = 274
0.15 16  7000 = 260
0.15 16  8000 = 285
0.15 16  9000 = 278
0.15 16 10000 = 267
0.15 16 11000 = 281
0.15 16 12000 = 304
0.15 16 13000 = 286
0.15 16 14000 = 303
0.15 16 15000 = 270
0.15 17  5000 = 296
0.15 17  6000 = 283
0.15 17  7000 = 274
0.15 17  8000 = 268
0.15 17  9000 = 283
0.15 17 10000 = 279
0.15 17 11000 = 293
0.15 17 12000 = 272
0.15 17 13000 = 271
0.15 17 14000 = 277
0.15 17 15000 = 290
0.15 18  5000 = 270
0.15 18  6000 = 305
0.15 18  7000 = 284
0.15 18  8000 = 307
0.15 18  9000 = 270
0.15 18 10000 = 277
0.15 18 11000 = 287
0.15 18 12000 = 271
0.15 18 13000 = 276
0.15 18 14000 = 276
0.15 18 15000 = 283
0.15 19  5000 = 286
0.15 19  6000 = 277
0.15 19  7000 = 294
0.15 19  8000 = 278
0.15 19  9000 = 288
0.15 19 10000 = 307
0.15 19 11000 = 257
0.15 19 12000 = 273
0.15 19 13000 = 299
0.15 19 14000 = 271
0.15 19 15000 = 290
0.15 20  5000 = 283
0.15 20  6000 = 295
0.15 20  7000 = 309
0.15 20  8000 = 267
0.15 20  9000 = 305
0.15 20 10000 = 277
0.15 20 11000 = 278
0.15 20 12000 = 285
0.15 20 13000 = 279
0.15 20 14000 = 287
0.15 20 15000 = 263
0.15 21  5000 = 302
0.15 21  6000 = 273
0.15 21  7000 = 288
0.15 21  8000 = 282
0.15 21  9000 = 293
0.15 21 10000 = 278
0.15 21 11000 = 291
0.15 21 12000 = 294
0.15 21 13000 = 270
0.15 21 14000 = 275
0.15 21 15000 = 274
0.15 22  5000 = 295
0.15 22  6000 = 292
0.15 22  7000 = 290
0.15 22  8000 = 292
0.15 22  9000 = 299
0.15 22 10000 = 283
0.15 22 11000 = 293
0.15 22 12000 = 298
0.15 22 13000 = 278
0.15 22 14000 = 271
0.15 22 15000 = 292
0.15 23  5000 = 308
0.15 23  6000 = 267
0.15 23  7000 = 306
0.15 23  8000 = 300
0.15 23  9000 = 295
0.15 23 10000 = 288
0.15 23 11000 = 259
0.15 23 12000 = 270
0.15 23 13000 = 291
0.15 23 14000 = 292
0.15 23 15000 = 289
0.15 24  5000 = 296
0.15 24  6000 = 250
0.15 24  7000 = 304
0.15 24  8000 = 277
0.15 24  9000 = 277
0.15 24 10000 = 256
0.15 24 11000 = 280
0.15 24 12000 = 291
0.15 24 13000 = 298
0.15 24 14000 = 306
0.15 24 15000 = 303
0.15 25  5000 = 306
0.15 25  6000 = 293
0.15 25  7000 = 314
0.15 25  8000 = 299
0.15 25  9000 = 277
0.15 25 10000 = 280
0.15 25 11000 = 283
0.15 25 12000 = 290
0.15 25 13000 = 308
0.15 25 14000 = 309
0.15 25 15000 = 280
Finish Tue Nov 22 20:48:30 ICT 2016
Maksimum : 0.10 25  7000 = 323 dari 649
